  -3.584
   5.368
 -16.929
  -3.388
  -0.435
   1.078
   0.011
  -9.091
  -1.204
  -0.917
  -1.412
   0.185
  -0.557
   1.364
   0.207
  -1.337
   4.153
  -0.948
  -0.780
  -1.087
   0.790
   1.359
  -0.131
  -0.490
  -0.373
   3.195
  -1.242
  -0.141
   0.727
  -9.697
   0.827
  -1.277
  -0.854
  -2.213
   1.172
   2.024
   0.695
   0.155
   2.917
  -0.048
   4.655
   1.104
   0.912
  -0.031
   0.302
  -0.611
   2.582
   2.047
  -1.485
   0.826
 102.057
   2.228
   0.594
   0.417
   2.870
  12.039
  -4.773
   2.184
  -9.216
  -0.497
   3.671
   0.231
   0.997
   3.822
  -4.187
   0.740
  -0.621
 -11.752
   5.950
  -0.243
   0.283
  39.526
  -0.819
   3.498
  -2.225
   0.794
   0.148
  -0.721
  -3.539
  -0.236
  -1.915
   0.945
   0.929
  49.974
   1.326
  -0.115
  -6.245
   1.335
   0.559
  -0.072
  -1.680
   2.156
   0.450
  -2.048
   1.933
  -0.499
  -3.772
 -21.157
   0.814
  -0.654
  -0.686
   1.543
  -0.643
   0.450
   3.790
   0.481
  -1.850
   0.450
   0.974
  -1.150
  -1.536
  -2.034
   0.355
  -4.692
  -0.845
  -1.268
   0.734
  -1.922
  -2.931
  -2.456
  14.514
  -0.923
   2.216
  11.955
  15.913
  -2.288
 -14.404
  -0.135
   1.680
   1.757
   0.193
   0.823
  -0.124
  -1.627
  -1.137
  -2.194
   1.144
   2.712
  -3.674
 -33.097
   2.982
  -0.036
  -6.386
  -0.442
   4.189
   0.126
   6.005
  -2.190
   0.838
  -0.904
   0.407
   0.141
  -1.341
  -1.607
  -0.231
  -0.192
  -2.483
   0.403
   1.067
   0.633
   2.311
  -1.055
  -0.528
 -11.977
  -0.080
   2.409
   0.018
   0.107
 -12.563
  -0.056
  -0.573
  -1.214
   0.574
   0.437
  -0.863
   2.200
  -0.253
   0.581
   2.114
   0.649
   4.032
  -1.128
  -0.338
   0.117
   1.491
  -0.343
   1.239
 -11.845
   2.331
-169.764
  -5.937
   9.413
  -3.536
  -0.855
  -1.080
 330.752
   2.275
  -0.512
  -0.807
   0.271
  -1.727
  -4.429
  -0.819
   3.431
  -0.600
   5.266
  -0.867
   2.509
  -8.023
   1.011
   0.041
  12.865
  -5.527
   0.030
   1.235
  -0.491
  -0.391
   1.941
  -0.053
  -3.444
  -0.115
  -3.299
  13.353
  -0.448
  -3.164
   0.425
   1.199
   0.408
  -0.534
   0.043
  -1.176
  -0.541
   1.435
   2.033
  -0.201
   1.802
   1.563
  -0.395
 -15.110
   6.466
   0.108
   0.030
   0.247
  -1.912
  -0.083
   1.247
   0.357
  -0.091
  -1.851
  -6.461
  -0.124
   0.271
   1.808
  -0.248
   0.307
   0.303
  -1.381
   0.169
  -1.255
   5.264
  -0.814
  -0.277
   1.625
  -7.291
   0.857
   0.848
  -0.139
   1.738
   6.138
  18.659
  -1.308
  -0.035
   2.698
 -13.450
   1.669
  -3.734
  -4.634
 -54.222
   1.643
  -0.119
   1.456
  -1.307
  -2.721
   0.952
   1.581
  -3.231
  -2.089
  11.185
   0.682
   1.795
  -2.063
  -0.189
  -1.123
   3.602
   0.297
  -1.134
   5.637
  -0.452
   0.841
   0.147
  -0.655
  -1.241
  -0.413
   4.240
   1.812
   3.978
  -0.643
  -0.888
   0.941
  21.484
   2.426
  -0.847
   4.685
  -0.184
  -1.199
  -1.032
  -2.647
  -2.539
   0.348
  -2.906
  -1.178
   1.770
  -0.705
  -7.247
  -1.494
   4.372
  -2.181
   1.341
  -0.565
  -1.311
  -0.837
   0.944
   0.377
   0.474
  -1.641
   0.932
  -5.785
  24.898
  -0.272
   0.810
  -2.711
  -0.111
   0.080
  -2.491
   0.003
  -0.724
  -2.014
   2.510
  -0.760
   0.975
   0.498
  -0.076
  -0.099
   1.166
   0.205
  -0.208
  -2.827
   0.148
  -4.560
  -0.134
   2.221
   0.485
   2.742
   9.638
   1.082
   0.013
  -1.055
   0.386
   1.203
   0.815
   0.364
   0.745
  -0.100
  -0.131
   2.366
  -1.044
  -2.456
  -2.470
   0.893
  -0.830
   0.566
   1.780
 -15.106
   3.543
   0.324
   2.317
   2.125
  -4.488
  -2.293
  87.914
   3.527
   4.623
   0.493
   0.522
   1.505
   1.277
 -23.632
   0.164
  -0.602
  -0.688
   1.806
  -0.578
   0.412
   2.128
   1.618
  -0.884
   1.200
   0.907
   2.446
  -0.305
  -1.067
  -2.288
   1.488
  -0.064
   1.548
   1.187
  -0.559
  -1.272
  -1.065
   0.093
   3.853
  -0.834
   8.010
  -0.408
   0.632
   0.725
  -0.288
  -1.315
  -0.228
   0.798
   1.153
  -0.513
  -0.619
  -0.362
   2.930
   3.387
  -0.234
  -0.063
   0.152
  -7.456
   0.620
   0.002
  -0.907
   0.857
   1.857
 -24.183
  -1.881
   0.069
   1.038
   0.978
  -0.941
   0.304
  -0.427
  -1.279
  -0.062
  36.673
  -7.008
  73.227
  -0.468
  16.134
   6.544
  -0.602
  -9.803
   0.003
  -0.214
  -0.017
  -4.168
  -1.495
  -1.419
  -0.260
   1.490
  -0.118
  -0.711
  -0.513
   1.444
   0.347
   0.402
   1.143
   0.230
  -1.000
   0.034
  15.034
   0.455
  -2.427
  -0.505
   3.009
  -4.199
  -0.392
  -1.054
  -3.013
  -3.571
   1.003
  -0.293
   1.084
  -3.242
  -0.296
   2.002
  -1.099
  -0.671
  44.090
 -14.037
   1.463
  -1.410
  -0.048
   4.524
   1.222
  -0.536
  -0.431
   0.499
   1.688
  -0.640
   1.432
  -6.037
  -1.727
   2.352
  -0.858
  20.302
   2.477
  -3.194
  -3.229
   0.185
   3.407
   1.126
   1.694
   0.791
   1.110
  -0.179
  -0.551
   1.333
   0.722
  -0.473
   7.715
   0.410
  -6.512
-110.783
   3.837
  -0.809
  -0.909
   0.521
   2.424
   0.426
  -0.230
  -0.760
 -15.188
  -1.694
  -1.015
   3.354
   0.850
  -4.662
  -0.158
   0.731
  -4.303
  -0.975
   2.030
  -0.077
   0.923
  -0.181
   0.280
  -5.358
  -2.521
  -3.508
   1.251
   0.052
   0.335
   0.210
   0.255
  -2.847
  -0.789
   1.793
 -44.864
   1.535
  -0.351
   0.836
  63.514
  -3.732
   1.062
  -1.782
   6.989
  -1.557
   7.821
  -0.191
  -0.184
   0.220
   0.221
   0.603
  -0.040
  -0.479
  -4.116
  -0.094
  -2.208
   0.889
  -0.067
  -0.799
  -2.037
  -1.711
   0.001
  -0.504
  -0.284
  -1.041
   1.290
   1.874
 -11.573
   0.236
  -4.690
   6.481
   0.477
   0.720
  -4.463
   1.961
  -0.421
   3.907
  -6.811
  -2.722
   4.106
   1.394
  -0.971
   2.394
  -6.740
  -0.476
  -2.387
   3.633
   0.017
  -1.936
  -0.283
  -1.531
  -0.644
  -0.370
   0.159
   1.497
  -1.800
  -1.713
  -0.352
   1.001
   0.573
  15.190
   0.174
  -0.073
   1.590
   3.786
  -0.786
  -1.069
   2.063
   4.479
   7.474
  -1.718
   0.151
  -2.969
  -0.939
  -1.503
   0.135
  -1.482
  -0.362
   0.418
  -2.632
   1.876
  -2.786
  -0.291
   2.958
  -1.003
   0.096
  -8.000
   1.391
   0.163
   3.108
  -2.560
   1.138
 -18.308
   3.428
   1.676
   0.422
   2.460
  -0.583
   0.103
   0.482
 -55.126
  -0.050
   7.444
  -0.051
   2.102
  -1.168
   0.962
  -1.487
   3.356
  -1.122
  -0.118
  -3.045
   3.539
  -0.326
   1.068
   5.494
 -14.437
   1.513
  -0.294
  -0.118
   0.018
  15.119
   1.984
   0.323
  -0.768
   1.290
   0.293
   0.356
   2.541
   1.419
  -0.602
  -2.054
   0.105
   0.833
  -0.795
  -3.807
  -0.394
   1.497
   7.563
  -1.355
   0.090
  -0.057
   0.029
   0.727
 -24.332
   0.263
   3.002
  -0.759
   0.271
   0.473
   1.942
  -0.601
   0.656
   0.234
   5.385
   1.298
   0.380
   0.379
   0.994
  -0.872
   0.492
   0.141
  -0.470
  -2.662
   0.156
   0.523
  -6.623
  10.768
   0.953
  -0.758
  -1.520
   1.543
 -74.864
   1.100
  -0.850
  -0.301
   2.132
  -0.696
  -0.428
  -4.469
   0.349
   1.546
   0.153
   0.834
  -2.263
  -2.359
 -15.468
   0.692
  10.935
   0.057
  -1.283
   4.287
   0.820
   1.699
   3.225
  -1.351
   0.749
   0.325
   0.672
  -0.738
   6.140
 -18.443
  -0.169
   0.753
   3.332
  -1.277
  -1.529
  -0.668
   1.108
   0.909
   1.444
   0.655
  -3.893
  -0.188
  -0.229
   5.808
  18.044
   0.480
  -1.115
   0.105
  -0.368
   2.467
  -1.051
   0.530
   0.090
   3.600
  11.242
  -6.267
   1.240
  -0.139
  -0.128
   2.032
   0.747
   4.275
   0.706
  -0.257
   0.014
  -0.136
   1.364
   1.293
   3.341
  -0.413
   2.031
  -1.158
  -0.614
   1.537
   2.453
   1.391
  -3.820
   4.040
   0.143
   0.128
   7.453
   0.146
  -0.449
   0.697
 -29.074
  -0.194
  -0.232
  -2.204
 -19.617
   0.999
   1.219
   0.576
   0.213
  -2.305
   1.246
   1.293
  -0.936
  21.529
   0.905
   0.347
   2.028
  10.057
   3.183
   3.927
  -3.224
   1.444
  -0.362
   0.945
   0.188
  -0.186
   0.051
   0.715
  -1.015
 103.493
   2.783
 -11.886
   0.312
  -1.805
  63.464
  -1.507
  -5.504
   0.107
   0.086
  -2.328
   0.956
  -0.250
   0.119
   0.818
  -0.153
  -0.206
  -0.846
  -2.270
  -7.859
   1.027
   0.032
  -0.207
   0.702
  -1.580
  -0.297
  -0.661
   0.257
   0.307
  -0.924
   0.588
  -0.102
  -0.160
  -1.183
  -0.448
  -1.626
  -1.411
  -4.618
   2.523
   0.104
   0.469
  -0.787
  -4.836
   0.447
  -1.435
  -0.465
  -0.039
  -3.844
  -0.509
   7.977
   0.378
   0.995
   1.509
  -0.294
   0.544
  -0.132
   0.202
 -43.437
   0.278
   1.417
   0.514
  -1.245
  -0.614
  -1.090
  -1.760
   0.137
  -0.505
  -2.853
 -23.550
  10.034
   3.601
   1.787
  -2.077
  -0.810
  -4.041
  -3.862
 -15.090
  -0.977
   1.411
  -4.186
  -3.861
   1.209
   8.262
   0.770
  -0.717
  -0.360
   2.275
  -1.530
   0.852
  -4.393
  -1.325
  11.051
  -1.192
   0.616
  23.093
   0.550
  -0.026
  -0.564
  -0.072
   0.907
  -0.191
   0.878
  -0.274
   1.351
  -0.999
  -2.885
  -0.879
   2.953
  -1.710
  -2.851
   0.410
  -1.128
  -0.503
   0.111
   0.527
   0.585
   0.054
  -0.965
  -2.739
  -2.762
  -0.460
   0.721
   2.967
  -0.134
  -0.911
  -0.646
   1.328
  -0.357
  -0.718
   3.354
  -0.203
   0.067
   0.530
  -0.037
   0.638
  -0.136
  12.855
   1.856
   0.257
  -1.443
  -0.888
   1.765
  -0.652
  -1.587
  -0.222
   2.178
   7.214
  -2.049
   0.435
   5.333
   0.181
  -0.544
   0.305
  -0.036
  -2.952
  -0.078
  -0.494
  -0.204
   0.804
  -0.522
   2.123
   0.887
   2.581
   2.675
  -2.001
   3.237
  -1.169
 -12.096
  -5.857
  -2.082
  -3.813
-685.135
   9.763
   0.604
   3.640
   6.043
   0.510
   0.130
   7.740
  -0.682
  -3.176
  -0.775
 159.014
  -0.286
  -0.415
   8.072
  -2.614
  10.581
  -0.989
   0.468
  -3.230
   0.420
   0.263
   1.450
  -1.466
  -0.941
  -1.435
  -2.501
  -0.513
   5.276
  -0.621
  -0.327
  -0.132
   0.090
 -23.818
  -0.868
  -9.486
  -2.825
   0.866
  -0.215
  -1.006
   0.410
   0.861
   1.295
   9.372
   0.369
   1.484
  -6.468
   0.249
  -1.528
  -2.498
  -0.858
   1.277
  -1.203
   5.918
   0.138
   0.023
  -2.217
   1.632
  -0.292
   0.395
   3.258
  -0.271
   0.214
   2.067
  -1.258
  14.771
   0.945
   0.139
  19.308
  -0.126
   0.497
  -3.935
   0.307
  -2.633
  -1.065
  -6.246
   2.902
  -1.614
  -0.400
  -0.432
   2.249
   1.749
   6.844
 266.209
   3.549
  -5.126
  -0.210
  -6.678
   0.206
   0.918
  -0.064
   0.181
   0.955
  -1.437
   1.838
   5.098
   0.561
  -6.991
  -1.102
   0.442
  -0.465
   0.935
   0.768
   0.454
  -1.353
   0.708
  -0.095
   1.155
  -0.401
   0.208
  18.182
  -0.112
   3.412
   5.127
   1.302
  -0.355
  -2.965
  -1.144
   1.896
  -3.218
   1.392
  -1.971
  -1.155
  45.309
   1.157
  -0.678
  -0.332
  -0.073
 -41.473
   1.562
  -4.413
  -1.319
   0.081
  -1.312
  -0.017
   0.450
  -0.068
   1.860
  -0.026
   9.998
 -11.849
   0.904
  -0.596
  -0.252
  -0.374
   0.545
  -0.740
  -0.281
  -1.851
   2.470
   0.973
   0.099
  -1.476
  -2.086
  -5.844
   0.392
   1.367
  -2.493
   2.088
  -0.518
   0.018
  -1.747
  12.322
   0.166
  -6.728
   0.428
   0.837
 129.332
   2.873
  -0.477
  -5.264
  -0.204
  -0.573
   0.378
   3.423
   4.390
   1.928
  -0.956
   0.210
   1.476
  -1.192
  -1.012
  -0.841
  -2.459
  -0.388
  41.364
  -1.436
  -0.282
   0.290
   0.751
   1.582
  -1.280
  14.497
   1.148
  -0.259
   2.953
   1.230
  -0.295
   0.231
  17.800
   1.194
   3.558
   4.152
   0.951
   1.812
   1.356
  -0.430
  -0.195
  -3.612
   9.428
   1.587
   1.529
  -3.374
   0.812
   0.389
   6.291
   7.659
  -5.438
   0.049
  -0.419
  -0.472
  -0.148
   0.529
  -1.049
  -1.838
  -0.770
   3.259
  -1.343
   0.294
   1.716
   2.478
   0.653
  -0.697
  -0.626
  -0.330
  -2.184
   0.980
 -17.368
  15.120
   3.138
   1.324
  -0.519
  -0.497
  -2.003
  -0.217
  -0.327
  -1.237
   1.996
   0.046
  -2.630
  -7.979
   0.110
  -0.217
   1.112
  -1.188
 352.085
   0.062
  -0.165
  -0.420
  -2.760
  -0.532
   0.556
   1.979
   0.655
   5.540
   0.661
  -0.307
  -0.027
  -1.146
   0.852
   0.685
   0.100
  -0.241
  -0.144
  -0.015
  -0.006
   0.518
   0.277
  -0.387
 -14.384
  -1.504
 233.165
   4.230
   0.311
  -0.332
   1.399
   5.616
  -0.250
  -4.038
   0.174
  -0.380
   0.495
   1.112
   0.151
   1.744
  -2.809
   0.979
   1.219
  -0.924
  -1.987
   0.214
  -1.383
   0.240
   2.022
  -2.112
   1.129
  -0.187
  -0.944
  -2.098
   0.305
   0.910
  -1.471
  -2.140
  -0.378
  -0.929
  -3.842
   0.382
  -0.260
   0.569
  -0.935
   0.334
  -1.506
  -0.465
  -0.138
  -1.068
   1.625
  -0.584
  -1.138
  -0.416
   1.253
   1.691
   5.756
  -4.352
  -0.255
  -1.503
   0.104
   0.253
  -0.458
   0.482
   0.430
  -0.500
  -4.215
  -0.420
  -0.772
   1.176
  -3.312
   1.479
  -1.016
  -0.993
  -1.406
   1.737
   1.005
  -1.138
   0.066
  -0.882
  -0.586
   0.018
  -0.590
   2.770
   0.554
  -0.538
  -3.277
  -1.964
   1.050
   1.793
   0.933
   0.292
  -0.883
  -0.711
  -0.492
   1.371
  -9.174
   0.650
 -82.418
  -0.742
 -18.497
   2.434
   0.330
   0.394
  -3.145
   0.946
   0.500
  -3.960
  -1.694
  -0.955
  -0.991
  -0.115
  -0.308
   1.416
  -3.886
   0.108
  -0.171
   1.196
  -1.755
  -0.056
   0.132
   2.872
  -2.163
   1.756
   0.511
   1.567
  -0.084
   1.585
  -0.185
   1.114
   0.383
   0.083
  -0.284
   8.686
  -0.445
   1.393
  -0.022
   1.302
   0.273
   0.838
   1.469
   4.540
  -0.929
  -1.309
  -0.963
  -0.258
   0.406
  -4.698
  -1.571
  -0.061
   0.062
  -0.644
  -0.112
  -0.223
   0.764
   1.145
   0.326
   0.802
  -5.550
   0.806
  -0.018
   2.876
   0.595
  -0.356
  -0.076
  -2.537
   0.102
  -0.411
  -1.022
  -0.164
  -0.896
  -1.510
  -0.514
   0.481
   1.356
   4.306
  -8.278
   2.171
 -11.758
   1.423
   0.558
  -0.784
  -0.173
 -11.718
  -2.237
   5.988
  -2.403
   0.222
  -0.299
  -0.973
  10.749
   0.190
   0.760
  20.463
   0.606
   5.163
  -0.050
  -5.486
  -0.761
  -2.867
   4.145
   0.359
  -0.316
   0.173
 653.891
  -0.420
  -1.037
 -10.279
  -0.267
  -0.935
   0.734
  -1.209
  -3.719
   0.021
  -0.335
-435.788
  -0.037
  -7.618
   6.847
  -2.797
   0.105
  -2.109
   0.437
  -2.556
  -0.031
   0.444
  -1.503
   4.915
  -2.963
  12.171
 -11.870
   1.134
   4.025
  -5.138
   1.260
   0.362
   1.271
   2.897
   0.979
   1.116
  -0.393
  -1.867
   5.408
  -0.331
  -0.307
   2.971
  -0.162
   0.398
   0.323
   1.216
  -2.220
   0.375
  -1.868
  -0.134
  -1.210
   5.024
   1.832
  -3.578
  -2.516
  -0.301
   1.833
   1.364
  -0.391
  -0.209
   1.921
   2.021
  -0.223
   0.203
  -0.976
  -0.162
   0.312
  -0.252
   0.245
  -1.529
  -0.732
   2.390
  -0.448
   0.204
  -1.267
   0.129
  -1.396
  -0.330
   2.777
   2.452
  -0.083
  -0.994
  -0.481
   0.686
  -4.226
   0.363
   0.404
  -1.619
  -0.317
   0.214
   3.608
   0.290
   2.603
  17.586
  -0.958
  -1.855
  -1.113
  76.036
  -8.210
  -0.122
  -0.576
 -25.139
  18.463
 -13.322
  -0.375
  -4.933
 -21.044
   0.006
   0.252
  -2.984
   1.663
   3.599
   4.083
   0.309
  -1.204
  -0.889
  -2.528
   2.943
  -4.553
  -3.559
  -6.661
   0.284
  -1.385
   6.826
   0.362
   1.038
  -0.134
  16.518
  -0.231
  -2.312
   2.891
   1.661
   6.205
   0.303
   0.528
  -0.090
   0.707
   3.645
  -7.231
  -1.271
  -0.167
  -0.513
  -2.861
   4.020
   0.174
   0.390
  -0.434
  -0.461
   0.502
   0.075
  -2.584
   0.274
   0.470
  -2.386
   0.517
  -0.191
   1.266
   1.118
  -0.199
  -0.847
   1.496
 -23.561
   0.295
   5.220
  -0.452
   1.248
  -0.449
  -0.153
  -2.484
   2.781
   3.152
   9.498
 -11.358
   3.306
   3.204
   0.017
  -0.540
  -1.538
   0.615
  -1.112
   2.775
   0.673
   0.877
  -0.018
   0.452
   2.197
  -1.432
  -0.342
  -2.621
  -0.189
  -1.040
   1.569
   1.604
   2.052
  -2.947
   1.682
   2.125
  -0.183
  -0.869
  -0.775
  -3.979
   1.629
   4.917
  -0.886
   0.048
   0.876
   0.178
  -8.865
  -0.408
   4.189
  -0.174
  -0.512
   0.280
   0.857
   2.832
  -0.942
  -0.695
   1.112
  -4.058
  -0.829
  -1.740
   3.555
  -3.101
   1.548
   2.878
  -0.017
   0.417
   3.742
   0.029
  -8.087
  -2.067
  -2.552
   2.251
  -0.390
   0.046
  -0.235
   1.591
  -5.182
   7.568
  -0.090
   2.146
   1.302
  -0.328
  -0.187
  -1.531
   1.207
  -5.717
   0.872
  -1.112
   0.258
 -11.767
  -1.430
   1.989
   2.051
  -0.545
   1.094
 -10.402
   0.571
   0.273
   8.345
  -1.414
  -0.495
  -0.402
   2.601
  -0.256
   1.090
   0.491
  -0.035
  -0.146
   1.682
   8.662
  -5.555
   1.201
  65.351
  -0.024
  -0.109
  -0.577
  -2.309
  -2.661
   7.340
  -0.664
   0.838
   0.150
   1.721
  -2.957
  -1.795
   4.868
   0.693
  -0.136
  -0.738
   5.177
  -0.492
   1.487
   1.436
  -0.130
   0.098
   2.965
   1.620
   0.212
  -1.315
  -2.178
   1.266
  -0.815
 -17.072
  -1.382
   1.355
  -0.420
   0.647
 -23.750
   4.372
  -0.584
  -0.054
  -3.975
  -1.894
   9.732
   0.074
  -0.061
   0.031
   1.302
  -1.401
  -0.515
  -3.741
   0.478
  -0.016
   1.867
   1.486
   0.477
   1.149
   2.086
  -1.857
 149.574
   4.288
  -0.647
   0.272
  -0.663
   1.601
   6.598
  -4.226
   0.106
   3.049
   1.055
   0.710
  -1.347
   3.204
  -5.435
   2.338
  -0.403
   2.417
  -0.518
  -3.967
  -3.612
   0.238
   4.324
   0.188
  -0.889
  -0.766
   0.198
   3.565
  -9.244
   0.887
   4.327
  -1.448
   0.120
   0.687
  -2.084
   0.613
  -0.545
   1.316
   0.596
   2.891
   1.461
   2.770
   0.166
  -0.418
  -0.103
  -2.085
   0.063
   0.217
  -0.474
  -2.862
   4.409
  -0.104
   0.365
   0.617
   5.157
  -1.160
   0.063
   1.250
  -0.209
  -0.372
   0.101
  -0.285
   0.886
  -3.066
   0.329
  -0.061
  -6.558
   2.663
   2.811
  -3.395
  -1.216
  -0.373
   1.522
  -0.527
  -0.387
   2.610
  -1.580
   4.066
  -0.187
   1.756
  -2.718
  -0.603
   0.977
   1.243
  -0.448
   0.293
  -0.570
  -0.714
   1.184
   0.544
  -0.608
   0.019
  -0.311
  -0.783
  -0.189
   0.029
   0.909
   0.848
   0.737
  -0.032
   0.850
 -12.523
  -2.540
  -5.734
   6.123
   6.822
  -2.456
  -0.465
   0.733
  -0.009
  -0.045
  -0.869
   2.586
   1.277
  -1.990
  -4.578
  -5.914
  -0.265
  -2.896
   0.529
  -0.409
  -0.532
   0.400
   1.027
   5.451
   0.498
  -3.764
  -0.005
   9.974
   1.484
  -0.059
   0.538
  -2.308
  -0.643
   0.592
  -0.146
  -0.911
  -3.774
  -0.904
   0.580
  -0.870
  -4.862
   1.572
  -0.401
  10.707
   0.205
  -0.955
   2.423
   2.309
   2.060
   0.959
   1.897
  -2.241
   0.133
  -3.021
  -0.266
   2.007
  -0.354
   6.830
  -0.180
  -0.737
   2.270
  -0.335
  -0.413
  -0.998
  -3.045
   1.130
   0.919
  -7.766
  -0.057
  -7.903
   1.923
   0.193
   0.052
   0.052
  -0.255
  -3.816
 -15.120
  -4.347
   2.113
 -11.884
   0.201
   4.797
 -29.056
   0.589
  -0.381
   2.103
  -2.467
   0.948
  -1.880
  -2.786
  -4.967
   2.358
   0.182
  -0.745
  -0.736
  -2.835
  -0.476
  -0.399
  -0.952
   2.648
  -0.630
  -1.174
  -0.881
  -4.155
  -3.472
  -7.995
  -0.597
  -1.114
   0.758
  -3.915
   2.141
  -1.812
   2.371
   0.596
  -0.800
  -0.396
   0.735
  -0.510
  -0.894
 -18.258
  -1.348
   8.071
  -1.362
  -0.776
   0.069
   1.311
   0.585
   1.027
  -0.189
   0.623
   1.155
   3.166
  -1.967
  -3.021
   0.802
  -1.004
   0.839
  -2.016
  -2.583
  -0.063
  -1.180
 -33.195
   1.417
   2.198
  -0.772
  -0.518
   0.661
   0.177
   1.250
  -3.448
   2.532
   4.156
   2.081
  -0.993
   0.577
   0.364
   0.499
  -0.525
  13.774
   0.395
   0.755
   0.162
   2.900
  -1.840
   3.901
  -1.566
  -1.347
  -1.229
   1.153
   1.184
  -5.814
  -2.878
  -1.888
   0.305
   0.220
  -0.284
  -0.147
   0.814
 -37.312
  -3.034
   0.125
  -0.971
   3.403
  -0.153
  -0.632
   0.732
   1.132
  -0.375
  -2.211
   2.103
  -1.642
 331.351
  -2.384
   0.581
   0.135
  -1.030
  -1.324
 -33.790
  -4.993
  -2.168
  -1.289
   0.168
   0.789
   2.692
   1.533
  -0.210
  -0.138
   0.498
   0.826
   1.203
   0.575
   0.481
   0.629
   0.126
   0.172
   0.659
  -8.786
  -0.875
  -1.981
  -0.288
   0.322
 -11.594
   0.823
   0.503
   0.229
   0.717
  -1.410
   2.337
   0.176
  -0.166
   2.648
  -1.649
   0.103
  -2.390
   0.092
  -2.548
   0.083
  -0.239
   1.072
  -0.307
   9.152
  -0.711
  -2.226
   0.691
  -4.125
   0.239
   2.323
  -0.046
   0.947
  -0.012
 -26.927
  -0.615
   0.206
  -3.604
   1.156
  -0.228
   0.682
   0.517
  -0.135
  -0.576
  -8.750
   0.145
   0.564
  -0.626
   1.155
  -6.201
  -1.076
  -0.868
  -0.338
   0.207
   0.054
   2.340
   0.152
   0.687
  -2.136
   1.590
   0.350
   2.370
   5.556
   0.426
  -0.096
   1.687
  -0.517
   1.518
   3.975
  -3.675
   0.509
 -16.924
   0.891
   0.493
  -0.321
  -3.494
  -1.138
  -0.034
  -1.044
  -7.135
   3.741
   0.384
  -3.927
  -0.483
   6.230
   0.882
  -2.119
  -3.896
   0.964
   1.074
  -0.389
   3.362
   1.988
 -18.091
   1.342
  -0.718
   1.016
   2.995
   0.739
   0.085
  -0.568
   1.219
  -1.300
   2.217
   0.292
  -0.835
  -0.153
  -0.613
  -0.368
   0.281
   4.743
  -0.521
  -2.066
  -8.091
   0.064
   1.993
   1.196
   0.507
   0.121
   3.626
  -0.639
   2.276
  -1.620
  -0.181
   1.059
  -0.274
  -0.667
  -0.555
   3.223
   0.496
-189.426
  -0.249
   1.541
  -2.441
  -0.986
  17.730
   1.037
   1.339
   0.534
   0.044
   2.239
   1.728
  -0.419
  -2.801
  -1.643
   1.403
  -1.219
   0.354
   1.014
   1.138
  -0.243
  -1.043
   7.445
   0.212
   0.232
   4.655
  -0.818
  54.997
   1.339
  -2.912
  -0.003
  -1.516
  -0.582
   1.962
 -37.861
   2.850
   0.833
   1.303
  -1.101
   0.045
  -2.050
   7.961
  -2.643
   0.132
   3.527
  -0.348
  -0.706
  -0.056
 -10.381
   1.451
   0.312
   0.387
  -2.981
  -0.089
  -1.152
  -0.290
   0.788
   0.263
   0.482
  -0.608
  -1.169
  -0.168
  -0.043
  -2.815
  -1.582
   0.032
  -1.820
  -0.614
  -1.404
   1.250
  -5.757
  -1.230
  -4.859
  -3.162
  -2.093
  -1.290
   0.110
  -0.050
   2.506
   2.572
  -6.387
  -0.384
   0.122
   0.977
   6.378
   0.272
  -0.162
   2.424
   2.601
   0.568
   0.388
   0.223
   4.149
   0.283
  -1.288
   2.760
  -0.810
  -0.024
  -0.685
   1.357
   0.072
  -4.211
  -1.760
  -4.886
  -1.329
   5.166
 -14.531
  -2.217
  -1.090
  -1.470
   2.549
   1.181
   4.868
  -0.822
  -1.232
  -4.405
  -7.677
   6.687
   0.692
   3.441
   1.522
   2.763
   0.722
  -1.921
  -0.605
  -5.606
  -0.378
  -2.235
   0.017
  -1.209
  -0.739
   0.725
   7.639
   0.604
  10.506
  -3.243
   0.232
  -1.793
  -4.774
  -1.814
   0.256
  -0.185
  -0.032
   1.031
   3.704
   2.770
   9.339
   0.352
  -0.060
  -0.570
  -0.451
  -0.714
-1503.194
   1.960
  -0.268
   0.083
   0.141
   0.126
  -5.027
   1.475
  -0.049
  -8.814
   0.064
  -1.598
   0.429
  -0.077
  -0.868
   0.807
  -8.965
  -0.969
  -2.200
   0.023
  -1.281
   0.424
  -1.833
  -0.756
   2.500
   0.393
  -0.179
  -2.457
  -0.611
  -1.047
  -0.047
  70.528
  -4.702
   0.149
   0.626
  -3.595
   2.831
 -14.791
  -3.118
   0.120
  -0.608
   0.517
  -3.419
  -3.755
  12.272
  -0.628
  -4.653
  -3.526
   6.165
  -4.853
   6.695
   0.470
  -1.309
   0.927
   2.263
  -0.553
  -1.522
   0.067
  91.733
   1.820
   0.258
   0.416
  -8.154
  -1.609
  -0.248
  -2.250
   1.188
   0.862
   0.617
  -0.608
  -0.430
   1.182
   0.350
   0.443
   4.554
   0.676
   1.761
   5.834
  -0.972
   0.267
  -5.103
  -1.453
  -1.899
  -1.508
  -3.918
  -0.338
   1.800
  -3.057
  -0.290
  -1.057
   2.888
  -1.225
  -0.129
   0.599
   1.257
   0.790
   1.151
  -0.348
  -0.328
 -12.729
   0.747
  -3.482
   1.427
   0.323
  -1.994
  -0.256
   1.481
   0.861
  -0.645
   0.843
  -7.474
   4.636
  -0.104
  -0.141
   0.721
  -0.029
  -4.714
   0.578
  -0.974
   2.349
  -2.772
   1.991
  -0.096
  -0.060
  -7.014
  -0.343
   0.891
   2.068
  -0.999
   2.229
  -1.515
  -1.706
  -1.073
  -1.372
   0.346
 -10.876
   0.525
 -27.430
   2.591
   0.981
  -2.093
   0.074
  -0.985
   0.464
  -1.498
   3.084
   1.195
   1.252
   0.372
   4.854
  -0.265
   7.244
   1.081
   0.431
  -0.144
  -7.954
   0.034
   6.228
   0.323
  -2.097
  -0.770
  -0.650
   2.714
   2.605
   5.210
 -12.144
   4.066
  -1.479
  -5.506
  -8.365
   1.233
 -19.496
  -0.482
  -6.060
  15.767
  -0.592
   0.700
  -0.076
   2.521
  -1.075
  -0.696
 -16.595
   0.477
  -0.553
   8.861
  -3.988
  11.980
  -4.359
  -1.227
  -0.061
   0.043
   6.282
   0.296
  -2.166
   1.747
  -0.347
   0.567
  -2.082
  -1.836
   1.341
 -20.470
   1.116
  -0.757
   6.431
   0.690
  -0.559
  -0.019
  -0.801
  -0.222
  -0.352
   1.495
   0.171
   0.042
   0.476
  -1.407
   8.911
  -0.672
   1.130
   3.147
   3.601
   0.363
  -3.527
  -0.356
   0.635
  -0.331
  -3.677
   2.792
  -8.433
   1.130
 -15.291
   0.998
   1.756
   6.925
  -1.546
   1.317
  -0.278
   1.311
  -0.459
   0.189
   0.606
  -2.789
  -2.795
   2.892
   1.949
   1.112
  -1.238
  -2.411
 -13.654
  -0.860
   0.531
   1.332
   1.646
   0.013
  -0.612
  -1.087
  -1.177
   0.581
   0.032
  -0.002
   0.564
  -0.273
  -1.195
  -0.849
  -0.834
  -1.354
  -0.922
   0.981
  -0.180
   0.883
  -0.374
   0.615
   2.934
   0.948
 -14.098
  -1.781
   0.078
  -0.006
  -0.269
  -0.646
   0.586
   0.524
   3.342
 -61.024
  -0.114
   0.203
   1.030
  -0.849
  -5.053
  -2.816
   1.180
   2.351
  -0.298
   0.862
  -2.269
   0.645
   0.379
   0.873
  -0.718
  -2.350
  -0.034
   0.596
   0.854
  -2.630
   1.149
  -0.250
   0.045
   0.715
   1.641
  -1.139
   1.076
  -1.673
   0.962
  -0.777
   1.944
   1.482
  -4.162
  -0.815
  -1.558
   0.535
   2.736
  -5.222
  -1.129
   0.321
  -0.405
  -2.080
   2.065
   0.285
  -0.224
  -0.885
 -40.241
   1.492
   0.877
  -2.400
   2.159
   0.544
  -2.442
   4.454
   0.785
   0.257
 -27.291
   0.435
  -0.149
   2.945
  -0.321
   1.567
  -0.476
  -1.205
   0.587
   6.333
  -0.421
   0.188
   0.490
  -6.527
  -0.070
   0.917
  -0.703
   8.045
   0.015
   0.478
   0.348
   0.343
  -1.317
  -0.084
   0.262
  -1.222
   2.795
  -0.939
   0.763
 -17.197
   1.708
  -0.595
   1.624
   1.273
   6.969
  -0.763
  -0.894
   0.786
  -2.011
  -4.137
  -0.595
   0.956
   1.068
  -1.914
  -0.555
  -2.110
  -0.558
  -0.764
  -6.053
   1.527
  -0.713
   0.051
   0.171
   0.712
   4.099
   0.034
   1.188
  -1.038
  -0.321
  -1.198
  -0.034
   0.632
   1.221
   0.224
  -2.467
   7.266
  -0.202
  -0.439
  -0.118
  -0.123
  -0.507
  -0.837
  -0.838
   1.178
   5.556
  -1.159
  -1.042
  -1.810
  -5.512
  -0.189
   1.068
   0.330
   3.305
   2.185
   8.301
  -3.103
  -2.609
  -5.517
   0.996
  -0.218
  -3.202
 -11.369
   2.227
   0.902
   0.513
   0.626
   0.568
  -0.138
  29.355
-138.783
   1.569
  -0.217
  -1.750
  -0.622
   1.022
   0.198
  -3.331
  -0.755
   1.312
  -1.104
  -0.190
  -1.000
   0.940
   1.760
  88.955
   0.786
  -0.690
   0.220
   0.358
  -5.361
  -0.557
   0.323
  -0.354
  -0.887
  -0.225
   1.310
   1.576
   1.126
   3.083
   2.345
   0.508
   0.977
   0.605
   0.088
   1.272
  -1.257
  -2.978
  56.299
  -0.547
   0.771
   7.550
   1.373
  -3.267
   0.075
  -0.039
  -0.795
   0.982
   1.023
   0.353
  -0.198
  -1.175
  -0.131
  -1.178
  -6.326
   0.526
   1.058
   0.576
  -0.262
  -0.532
   2.695
  -0.460
 -12.752
  -0.677
   0.131
  -0.546
   2.449
   4.084
   2.785
   0.514
  -0.082
  -0.889
   1.328
   0.293
   2.853
   0.079
 986.735
  -1.571
  11.367
  -4.268
  -1.448
  -0.309
  -0.935
1934.032
  -0.772
   3.332
   0.554
   0.175
   1.405
   2.092
   0.184
   7.018
  -0.560
   0.015
  66.392
   3.969
   0.190
   0.174
  -2.663
   1.098
 -17.703
  -0.576
   0.470
  -0.215
   0.212
   0.198
 -22.269
   1.824
   1.579
   1.863
  -1.837
  -3.565
  -0.430
  -4.895
  -0.127
   0.059
  -1.436
   0.008
   0.312
  -4.833
  -1.755
   4.454
   2.284
  -1.860
  -1.251
   2.120
   1.239
  -0.492
   1.447
  -0.448
 -61.977
  -5.146
   0.306
   0.455
  -0.947
  -0.938
  -1.721
   0.173
   2.643
   0.234
   0.388
  -1.613
-180.099
  -2.844
   1.069
   0.320
  18.210
   2.586
   1.651
  -0.047
   0.587
  -3.555
   0.932
   1.268
   0.565
  -0.672
  23.489
  -2.474
   7.321
  17.210
  -1.790
  -7.400
   0.822
  -2.043
  -1.249
   0.400
   0.685
   0.380
   0.271
   0.800
   0.001
  -1.275
  -3.144
   2.322
   0.352
  -0.725
  -3.130
  -0.609
   0.945
  -0.484
   0.348
   0.352
  -2.578
   0.021
  -0.970
   0.076
   0.657
  -0.135
   1.135
  -0.350
   1.932
  -0.379
  -0.353
   0.542
  -2.427
  -3.965
  -0.454
  -1.328
  -2.384
   0.447
   1.065
   0.023
  -0.139
   1.302
   0.151
  -1.348
   0.376
  -0.282
  -0.352
   3.924
  -0.478
  -1.537
  -0.131
   0.086
   0.095
   1.279
   0.964
  -0.718
   2.929
   0.526
   3.565
   0.018
   1.094
   0.290
  -0.405
   0.315
   0.343
  11.640
  -3.403
  10.354
  -1.562
   3.591
   0.189
  -1.070
  -0.705
   1.676
   0.227
  -4.991
   3.328
  -1.051
  -0.701
  -0.962
   3.603
  -0.887
  -0.423
  -0.600
 -15.421
  -0.872
  -1.065
   0.549
   0.005
   0.751
  -0.929
   4.374
   0.873
   0.861
  -2.422
   3.134
   1.430
   0.120
  -0.191
  -0.420
  -1.604
  -0.388
  -0.205
  -2.421
   1.544
   0.822
   0.457
   0.101
   0.491
   1.797
   1.567
  -6.687
   1.760
   2.026
  -2.094
   6.621
  -0.808
  -1.467
-227.149
  -1.298
   0.663
  14.832
   0.808
   5.363
   1.349
   4.153
  -1.910
  -4.002
  -1.080
  -1.743
   4.941
   2.215
   3.064
   3.405
  -0.794
  -0.714
  -0.218
  -0.676
-147.629
   0.544
   0.490
   2.408
  -0.382
   0.106
   0.590
   2.964
  -1.227
  17.693
  -1.024
  -0.643
  -3.790
  -0.573
   0.595
  21.887
  -5.621
   6.127
   1.288
  -1.352
  -0.894
   1.369
   0.298
  -1.726
  -0.296
 -32.162
   0.609
   2.710
  -0.509
   0.560
   4.854
   9.582
   2.486
   1.623
  -0.060
  -0.690
   0.262
   0.524
  -2.616
   0.787
  -1.041
  -0.038
  -1.929
   1.785
  -2.486
   0.438
   1.126
  -4.398
   1.891
  -0.608
  -4.012
  -0.771
   0.118
-408.735
  -0.155
   1.125
  -0.286
  -0.389
  -1.439
   0.580
  -0.288
   2.291
   1.418
  -0.884
   1.290
   1.118
  -0.826
   4.060
   0.076
  -1.724
   0.513
  -0.431
  -0.901
  -2.320
  -0.203
   4.647
   0.097
   1.274
   0.131
  -7.110
  -3.085
  -0.351
  64.353
   0.313
  -0.590
  -1.316
  -0.579
   0.397
  -0.494
   2.447
  -0.399
  -6.658
  -0.584
  -0.935
   0.278
   1.647
   0.871
  -0.799
   1.357
  -0.936
   0.788
   4.029
  -1.073
   6.707
-200.480
 -81.320
  -9.954
   7.468
   1.702
   0.037
  -9.965
  -2.584
   2.460
   0.066
   0.745
  -0.296
   0.937
  -1.220
   0.714
   1.666
   0.247
  -1.455
   4.644
   1.129
  -0.145
   0.812
   0.683
   0.851
  -0.854
  -0.727
  -3.012
   1.008
  -2.360
  -0.549
  -1.454
  -0.410
  -0.166
   3.418
  -6.358
  -0.700
  -2.209
   1.793
  -0.388
 -12.708
  -1.170
  -0.769
   1.904
  -0.433
   1.850
  -0.277
  -4.231
  -0.160
 -24.212
  22.352
   0.828
   6.081
  -1.269
  -2.054
  -0.542
  -0.829
  -1.646
  -1.908
  -0.636
  -2.526
   0.159
  -3.661
   0.325
  -0.254
   1.587
   1.983
  -2.288
  -1.308
  -1.011
   0.223
   0.076
   2.942
   0.034
   0.964
   0.362
  -7.948
  -1.354
  -2.651
  -3.038
   2.718
   0.675
  -0.062
  -3.467
  -0.419
  -0.735
   1.418
  -6.075
  -4.673
  -1.062
   3.152
   0.222
  -4.294
   1.162
  -0.866
   0.971
  -5.137
   0.010
 -48.468
  -1.391
  -0.841
   9.252
 -12.836
   3.784
  -1.909
   8.341
  -1.995
   1.095
  -0.965
  -1.485
 -84.931
   0.631
  19.672
   2.071
  -0.577
   4.503
   2.519
   5.428
   1.062
   1.040
  -0.012
  -3.856
  -0.616
  -7.889
   1.096
  -0.834
  -2.946
   0.755
  -0.994
   0.797
   2.394
   1.525
  -3.645
   0.964
   0.629
  -1.384
   0.327
  -0.495
   0.955
   0.782
   0.965
  -8.989
   0.951
   0.393
   0.586
   4.200
  -0.065
   6.159
  -1.306
  -4.108
  -3.547
   4.277
   1.578
   3.654
  -3.178
  -0.291
  -0.064
  -0.016
  -1.912
   0.940
  -0.526
  -0.110
  -0.954
  -2.059
  -7.521
   2.741
  -0.021
   0.806
  12.321
   3.282
  -0.246
  -3.458
  -3.176
  -0.577
  -2.739
  -1.778
   9.373
  -1.444
  -1.160
   0.409
  -1.909
   0.769
   1.252
  -0.533
  -0.998
  -0.304
  -1.589
  -0.933
  -0.590
   0.239
   0.791
   0.562
  -3.566
  12.169
  -1.177
  -0.047
  10.045
  -2.462
  -3.907
  -0.007
   0.369
  -2.484
   1.924
   1.165
  -0.224
  -0.255
   0.085
  -0.167
  -0.967
   0.190
   2.471
  -0.401
   0.643
  -0.458
   0.359
   2.645
   0.068
   1.170
  -0.106
  -1.426
 -13.391
  -1.511
  13.620
  -2.254
   0.755
  -1.468
   0.832
   0.448
  -1.686
  -1.507
  -0.373
  -0.708
  -1.285
   2.462
  -1.836
   0.081
  -2.453
  -0.930
  -2.827
   1.017
  -0.163
  -0.275
  -0.311
  -0.464
  -6.808
  -0.495
   0.471
  -0.228
  -0.661
  -1.608
   0.141
  -1.133
  -0.729
   5.888
  -1.022
  -0.507
   0.744
   0.902
  -1.055
   0.242
  13.826
   3.547
  -0.755
   0.658
   0.154
  -0.056
   0.660
  -0.938
   2.581
  -0.015
  -0.049
   1.864
   0.432
  -0.990
  37.402
  -1.264
  -1.628
   1.751
   0.198
   5.960
   2.592
   3.311
   1.045
   0.323
  -1.575
  -0.541
  -1.837
   3.291
  -2.901
   0.485
  -1.465
  -0.833
   0.248
   2.538
  -0.151
  -0.585
  -0.104
  -4.880
  -0.764
  -0.414
  -3.271
   2.006
  -0.251
  97.985
   1.185
  -0.963
   0.814
   1.518
  -0.566
  -1.692
   0.833
   0.305
  -1.081
   0.899
  -0.284
  -0.296
 -25.192
   0.032
  -0.736
   0.831
  -7.275
   1.535
   7.654
  -2.573
  76.746
   0.794
   8.916
   0.485
   0.374
  -0.821
  -0.418
  -8.992
   1.301
   1.499
  -0.429
  -0.345
   0.032
  13.864
  -0.073
  -0.407
   0.426
  -0.548
  -1.553
   1.125
 -22.811
   0.676
  -1.795
   3.619
   5.391
   0.461
  -0.513
  -4.274
  -1.336
   3.211
  -3.225
  10.177
   1.364
  -0.130
   0.457
  -0.078
   0.054
  -0.897
  -7.409
   0.036
  -0.852
  -0.585
   1.641
   0.008
   4.049
   4.224
   1.876
  -0.614
   0.120
   0.372
  -0.334
   1.424
  -0.433
   1.186
  10.263
  -0.562
   9.272
   0.222
  -0.328
  -1.178
   0.443
   1.499
 -12.155
  -0.550
  -0.195
  -0.332
  -0.932
  -0.350
   0.185
   5.934
  -0.800
   3.295
  -3.763
  -1.519
   1.238
   0.251
   0.038
  -4.741
  -0.505
  -0.787
   8.394
   1.000
   0.069
  -3.144
  -2.072
  -2.408
  -0.520
   1.437
   0.166
   0.477
   0.319
   1.049
  -0.275
  -0.627
  -1.453
   0.110
  -0.150
  -1.169
  -1.527
   1.753
 -18.138
  -0.625
  -3.742
  -0.093
   2.583
   2.386
  -0.544
  -1.263
  -1.233
  -5.435
  -0.272
  -3.535
   3.622
  -0.280
   0.410
  -0.051
  -0.432
  -0.138
   0.077
  -1.058
   4.249
   7.068
  -1.196
   0.693
  -0.595
   2.339
   0.158
  -0.140
  -5.058
  -0.100
   0.858
   0.219
  -0.470
  -2.362
   0.963
   5.143
   0.178
   3.399
  -0.917
   0.286
  -1.220
   1.338
  -0.310
  -1.343
   0.466
   0.395
  -1.994
  -1.496
  -1.686
  -0.893
   1.653
   0.623
  -0.074
  -7.952
   3.493
   2.035
   4.057
   2.038
   0.200
  -0.078
  -0.601
 -15.039
   2.114
   2.110
   0.956
   0.597
  47.319
   1.221
  -5.646
   2.304
  -0.695
  -0.685
  14.601
   2.549
  -0.675
  -0.872
   2.800
   1.621
  -0.348
   2.838
  -0.628
  -1.534
   0.497
   2.180
  -2.873
   1.772
   0.198
  -1.958
   6.604
  -8.689
  -0.086
   0.819
   1.818
  -1.553
  -0.020
  -0.220
   3.526
  -0.136
   2.440
   0.142
  -0.860
   3.561
   0.497
  -1.598
   0.124
   1.616
  30.949
   1.123
  -0.226
   0.784
  -2.635
   0.853
   0.168
   0.620
  -0.034
  -4.368
  -0.525
   0.460
   0.258
  -1.730
   0.679
  -4.522
   1.886
  16.205
  -0.729
   0.188
   0.336
   0.187
  -0.964
   0.544
   0.240
   2.132
  -1.294
  -1.532
  -0.054
   0.014
   3.507
  -0.535
   3.064
   0.377
  -0.308
  -0.243
  -0.627
   0.959
   0.195
   4.206
   0.460
  -0.204
   2.975
  -0.245
  -1.215
   1.238
  -1.957
  -0.231
 -52.251
   2.293
  -0.430
   3.646
   4.956
   1.437
  16.696
   0.208
   0.056
   0.631
   0.087
  -0.811
   7.299
  -0.655
  -0.350
  -0.826
  -0.959
   4.855
   0.094
   0.045
  -4.477
   0.331
   3.904
-282.407
  -1.361
   0.005
   2.047
   2.093
   1.574
  -1.103
   0.919
  -0.059
  -0.840
   2.355
   0.304
   1.945
   0.182
  -0.060
  -1.164
  -0.079
   0.279
   0.884
  -1.003
  -0.775
   1.470
  -9.380
   0.864
   0.227
   0.161
  -3.965
  -1.551
   0.410
  -0.436
  -0.142
  -4.212
  -0.533
   0.686
   0.452
  -1.249
  -0.577
   2.277
   2.398
   2.538
  -8.909
  -1.793
-1180.773
   6.364
   1.927
  -0.515
  -0.571
  -6.935
   1.731
   3.012
   7.087
   0.375
  -4.815
   0.919
  16.421
  -2.419
  -1.537
  -0.274
  -0.969
  -1.088
   1.414
 -21.690
  28.680
  -2.615
  -0.225
  -0.047
   0.569
   1.145
   0.216
  -0.803
   0.759
  -0.045
  -3.162
   1.005
  -3.966
   0.690
   3.406
  -2.179
  -4.927
   0.549
  -0.006
  -0.624
  -0.891
  -2.137
   7.826
   0.997
  -0.213
  -0.535
   2.165
  -3.610
   0.298
   1.314
   0.678
  -0.574
  -5.792
  -0.895
  -0.408
   2.774
   3.916
   0.349
   0.192
   7.024
   0.158
   8.525
  -0.382
   0.341
   0.874
  -0.698
   0.494
   0.963
   1.233
  -0.001
   0.162
   1.397
   0.988
   0.939
  -1.782
   2.886
  -1.137
   9.215
  -9.105
  10.394
  -1.719
  -2.511
  -0.910
   0.635
   3.725
  -0.076
  -3.833
  57.968
  -0.498
   0.210
   1.609
  -2.498
   2.171
  17.068
   0.165
   6.220
  -1.274
   0.628
   1.761
  -0.066
   0.083
  15.489
   0.364
   3.313
 -13.436
 -29.708
   0.072
   0.030
   1.168
  -1.095
  -1.611
   0.891
   1.581
   0.732
  -0.845
   1.519
   0.778
   0.005
  -0.345
  21.606
  -0.304
  -0.332
   0.930
  -2.205
  -0.154
  -3.777
  -0.043
  -4.726
   4.196
   0.122
  -0.282
  -3.875
   0.276
   0.109
  -0.187
  -1.019
   0.580
   8.393
  -0.399
   0.142
   0.015
   1.079
   3.036
  -2.800
  -0.546
   0.040
   2.486
   0.643
  -0.791
   0.495
  -4.956
   0.434
   0.485
  -3.910
  -0.714
   0.128
   2.695
  -0.366
 -11.306
  -0.960
   1.057
  -0.023
  -1.178
  -1.334
   0.563
   2.527
   0.613
   1.878
  -0.777
  -0.895
   0.145
   0.576
   0.161
  -0.523
   0.724
  -2.349
  -3.206
  -0.239
  -1.521
  -1.337
   0.633
   0.788
  -5.619
  -9.932
  -3.579
   0.656
   2.833
   3.354
  -1.256
   8.285
  -1.183
  -0.370
   1.050
   4.493
  -3.513
   3.607
  -0.277
  -0.399
  -0.193
   0.611
   2.799
  -0.398
  -1.021
  -0.026
   0.022
   0.722
   0.293
  -0.928
  -4.393
   0.196
   4.213
  -2.838
  -0.059
   3.957
   1.597
  -4.391
  -0.430
   0.349
  -0.147
  -1.327
   2.042
   0.556
   0.966
   1.662
  -3.405
   0.018
   1.861
  -0.917
  -0.728
   0.141
  -0.325
  -0.009
   4.276
   0.810
  -0.582
   3.105
   1.255
  13.644
   0.869
   0.575
  -1.869
   0.178
  -0.999
   2.829
  -1.372
  -1.412
   0.305
  -0.532
  10.828
  -3.690
  -1.444
  -0.613
   4.305
  15.961
  -3.636
  -1.354
  -0.102
  -4.410
   3.235
  -2.375
   0.990
  -0.720
   0.347
  -1.403
   0.257
   0.774
   1.320
   9.843
   1.108
  -0.598
-8386.084
  -0.963
  -4.374
  -0.864
  -2.542
   0.974
  -1.142
   1.342
   0.548
   0.937
  11.826
   2.766
   0.581
  -1.240
   0.626
   5.075
  -1.356
  -1.177
   1.535
  -0.142
  -0.572
   0.578
   0.497
  -0.159
   0.319
  -2.142
  15.277
   0.470
   0.703
  -0.639
  -1.452
 -18.258
  -2.216
   5.911
   0.330
   0.714
  -0.597
   0.330
  -0.891
   1.855
   0.185
   0.501
  -0.082
   1.167
   2.593
  -1.536
   1.176
  -1.124
   1.233
  -2.844
   0.171
   0.816
  -1.096
   0.343
   0.880
  -0.381
   1.336
   2.210
  -0.181
   0.418
   1.571
  -5.722
   2.014
  -0.688
   2.205
  -0.020
   8.186
  -0.162
  -1.327
  -1.622
 -19.712
  -0.939
  -1.734
  -0.071
  -1.255
   3.226
   0.889
   3.550
  -4.063
  -1.466
   0.486
   1.510
   1.251
  -1.058
 -12.494
   0.052
   1.269
   1.707
  11.520
   1.909
  -0.749
   9.637
   1.265
  -1.025
  -1.241
   0.717
  -1.276
   0.973
  45.741
  14.990
  -0.126
   1.100
  -0.536
   0.298
  -2.373
   0.157
  -2.244
   7.048
  -0.782
  -0.521
   0.925
  -0.854
  52.420
   0.261
   0.667
   2.644
   0.966
   0.025
  -0.929
   0.186
  -0.157
  -2.875
  -0.214
  -0.365
 -40.133
   2.151
  -2.021
  -0.519
   0.670
  -0.313
   1.364
   0.218
   0.530
   0.773
   0.594
   6.580
   1.015
   0.468
 -11.414
   0.051
  -3.829
   9.287
   1.781
   0.012
  -1.039
-106.756
  -4.323
   3.448
  -0.061
  -1.845
  -1.975
   3.030
   0.619
   0.858
   0.235
  -2.759
  -0.804
  -0.213
   3.461
  -1.223
  -0.287
  -0.285
   1.925
  -0.788
  -1.088
  -5.143
   0.196
   3.861
  -1.531
   0.080
   0.150
  -1.059
 -15.892
   0.484
  -2.578
  -0.303
   0.468
   1.619
  -3.665
   0.884
   2.322
  -1.526
   7.409
  -0.539
  -1.051
  -0.098
   0.954
  -1.462
   0.565
  -1.465
   1.175
  -2.221
   0.370
  81.300
   1.525
  -0.828
   4.564
  -0.575
  22.639
   0.477
  29.181
   5.918
   0.522
  -0.224
   6.465
   0.442
   2.322
  -5.674
   1.259
   1.938
  -1.784
   0.210
  -0.509
   1.309
  -0.012
   1.462
  -1.051
 -32.484
  -0.055
   1.851
  -2.177
   0.004
  -0.750
  -0.029
  -0.105
   2.821
   4.000
  54.872
  -7.431
  -0.255
  -0.676
  -0.381
   2.089
   0.873
  -4.364
  -0.139
  43.745
   0.771
  -0.119
 -11.615
  -1.873
  -4.442
  -1.311
   2.529
  -0.780
   3.487
   2.521
  -0.991
   0.883
  -0.589
  -1.797
  -4.208
  -1.894
   1.085
   0.052
  -0.132
   0.793
   1.599
   4.366
   0.248
   3.577
  -0.282
  -1.010
 -13.692
   5.113
  -0.110
   2.973
  -1.166
   4.230
  -2.679
   1.110
  -0.136
  -0.663
   0.033
  -0.968
  -1.649
   2.285
  -2.695
  -6.694
  -0.479
  -4.041
   0.843
   0.470
  -2.284
   2.545
   0.348
   0.069
   0.638
   2.548
  -0.423
   0.226
  -0.110
  23.839
  -1.078
  -7.091
   1.072
  -1.998
  -0.685
  15.261
 -30.822
  -3.254
  46.451
  -1.697
  -0.096
  -4.454
  -8.606
  -0.682
   0.122
 -21.282
  -1.113
   0.078
  -2.923
  -1.335
  12.827
 -14.887
  -5.622
  -1.129
   3.306
  12.732
   1.743
   0.893
  -3.861
   0.292
   0.310
  -0.416
   2.232
  -0.258
   0.172
 338.204
   0.855
  -2.344
  -8.041
  -9.540
 -42.486
  -0.307
  -1.076
   0.525
  -0.764
  -5.448
  -3.046
  -3.525
   0.990
   3.061
  -0.368
 -12.621
   0.092
  -0.822
   2.548
  -0.539
  -0.479
  -0.451
   0.688
   1.032
   2.886
   3.820
  10.133
   3.606
  -5.008
  -0.826
  -0.124
  -0.814
   4.180
  -1.893
  -0.449
   0.730
  -0.198
  -0.496
   1.397
   9.214
   1.509
  20.997
  -0.738
   9.727
  -1.336
   2.007
  -0.879
  -0.359
  -7.230
 -11.406
   0.808
  -1.872
   0.434
  -2.178
   1.558
   0.099
   0.958
   0.162
   0.509
   0.143
  -0.104
   2.306
  -0.201
   2.298
  -0.080
   1.036
   2.559
  -8.454
   1.243
  -0.438
  -3.354
   0.348
 -13.392
   1.673
   3.970
  -0.643
  -0.658
   2.450
  -1.033
   0.039
  -0.035
   0.155
  -0.310
   1.102
  -1.716
  -0.815
  -5.301
   1.336
  -0.099
  -0.959
  -0.262
  -0.163
 -11.411
  -2.033
   1.583
   0.174
  -0.881
   0.615
   1.583
  -2.785
  -0.957
   0.136
   3.558
   0.537
   0.470
  -1.233
  -0.471
   1.110
  -0.259
   1.778
  -0.056
  12.761
  -6.545
   4.124
   1.442
  -1.352
  -0.751
  -1.319
  -0.585
  -0.669
  -0.383
  -0.285
   0.585
  -0.449
  -0.083
  -0.682
   0.982
   0.608
  -1.817
   3.569
  -0.622
  -0.330
  -0.030
   1.368
  -0.816
  -0.962
   1.945
  -0.232
  -0.921
  -1.452
  -0.082
  -0.713
   0.737
   1.147
  -0.164
  -2.065
   4.532
  -0.183
  -1.805
  -1.028
   0.310
   0.459
  -1.157
   3.660
  10.665
  -1.509
   0.117
   0.197
   0.580
   2.169
  -0.255
   4.154
  -0.012
  -2.240
  -1.404
   2.011
  -0.310
  -0.503
  -1.026
  -1.330
   2.398
   1.490
  -1.950
 -53.715
 135.307
   0.279
   0.104
   0.334
   0.366
   1.201
  -0.411
   1.020
  -1.708
 116.978
  -0.044
   0.038
   1.973
   0.933
  -6.107
   3.036
  -1.168
   0.084
   0.802
  -8.728
  -1.085
 -29.185
   1.662
   0.502
   0.399
   1.002
   0.901
   4.661
   0.219
  -1.360
   0.829
 289.545
   0.298
   1.198
   2.507
  -0.200
   0.608
  -0.981
 -48.735
  -0.239
   2.899
   1.797
  -2.015
  -1.827
   0.035
  -0.503
  -8.071
   2.050
-108.394
   0.196
   0.578
   1.382
  13.736
   2.501
   0.166
   0.845
   0.501
   0.472
  -4.800
 385.981
  -4.247
   0.388
   2.514
  -0.756
  14.024
  -0.673
  -2.274
  -0.232
   3.426
  -0.054
   2.094
  -0.172
  -0.671
   0.923
   1.197
 -80.171
   0.542
  -0.384
  -4.634
   0.031
   0.136
  -2.421
  -2.106
 -42.190
  -2.023
   1.002
   0.315
   0.384
   3.527
 -12.566
   2.269
  -0.269
   1.282
  -2.141
   0.890
  -2.346
   0.204
   2.741
  -0.820
   0.465
  -0.848
  -2.742
  -8.062
  -0.648
  -0.632
  -1.042
   1.370
  -0.644
  -1.364
   1.165
   0.768
  -0.472
  -4.059
  -0.656
  -0.397
  -0.711
  -0.117
   0.112
   8.973
   0.140
   1.041
  -0.268
  -0.549
   0.779
  -0.807
  -0.451
  -0.201
   0.685
  -0.409
  -0.365
  -1.784
  -0.267
   0.711
  -0.425
   1.264
  -0.125
  -0.140
   0.669
  -0.464
  -0.372
  -0.893
   3.719
 -11.764
  -0.619
   2.902
   0.607
   6.405
  -0.203
   0.900
6962.732
   1.770
  -0.541
   4.053
  -2.118
  -0.361
   0.033
 -18.333
  16.355
  -0.562
   5.743
  -1.378
  -0.725
   0.310
  -3.604
   2.351
   3.138
  -0.589
  -0.571
   2.179
   0.098
  -0.488
   0.120
   2.497
  -0.208
  -0.099
   1.557
 -10.814
   0.249
   0.132
   0.091
  -0.272
   0.088
   0.019
  20.065
   0.433
   0.162
   0.193
   5.401
   2.137
  -0.289
  -0.007
  -0.165
 -22.616
  -2.123
  -0.578
  -0.057
  -3.001
   7.906
  -0.516
  -0.914
   1.270
   2.207
   0.778
  -0.785
   3.934
   0.601
   2.521
   0.467
  -1.596
   2.726
  -1.480
  -1.936
   0.247
  -0.204
  -6.860
   0.238
  -0.042
  -0.676
 264.650
  -5.471
   0.376
  -0.497
   0.194
  -0.731
  -1.815
   0.424
  -0.256
  -0.053
   0.885
  -0.690
   1.680
   0.630
  -0.226
  54.892
   0.497
   1.414
   1.710
   0.362
   3.028
 -13.853
   1.999
  -0.092
 -13.473
  -0.689
   0.280
   7.439
   0.714
  -0.632
   0.322
  -0.472
  -1.181
   0.046
   0.093
   0.760
  -0.422
   0.202
   0.433
   0.410
   0.232
  -0.514
   2.166
  -3.699
   0.136
   0.042
   1.259
   0.838
   0.397
  -0.174
   0.880
   0.034
  -3.080
   1.114
  -0.065
   0.905
  -4.704
  -0.844
  -5.819
  -0.311
   0.110
  -0.291
  -0.108
   0.126
  -7.624
  -1.737
  -0.537
  -1.827
   0.573
   0.609
  -0.049
  -1.529
   2.579
   0.308
  -0.483
  -0.517
   1.554
 -10.368
   0.171
   0.857
   0.744
 -26.210
   2.262
   0.174
  -0.242
   0.054
  -0.830
  -1.293
  -0.217
  -6.543
  -3.808
   1.203
   0.094
   2.043
   0.358
   0.502
   0.801
  -1.948
 -10.641
   0.601
   0.268
   0.225
   6.635
  -0.629
  -0.227
  -0.715
  -0.916
  -0.605
  -1.003
  -0.705
  -1.198
   1.059
  -0.988
  -0.394
  -0.132
  -1.222
  -0.631
   0.043
  -0.737
  30.028
  -4.680
   0.088
  -0.022
   0.530
   0.744
  -3.788
  -0.380
  -1.467
  -0.810
   0.743
   0.036
   0.868
  -2.133
   2.823
   0.527
   2.663
   0.104
   1.654
   0.770
   0.308
  47.757
  -0.549
   1.760
   0.264
  -0.266
  -1.330
   0.416
   1.517
  40.071
  -7.086
   0.099
  -0.835
  -0.020
   0.619
  -9.113
 -36.093
  -0.512
  -0.426
  -5.752
   4.278
   6.610
   0.695
   1.369
  -2.947
   0.319
   0.245
  -0.472
  -0.549
  -1.361
   0.255
  -1.100
  -0.242
   0.466
   4.158
   1.623
 -13.504
   0.462
  -1.203
   1.848
   4.881
   1.298
  -0.475
  -0.605
  -1.495
   0.185
  -2.518
   0.859
   0.343
 -28.280
  -0.128
   1.483
   0.962
  -2.055
  -0.699
   0.606
   0.540
  -0.268
  -5.735
  -0.329
   0.513
   0.019
   0.535
  -1.242
   0.013
  -1.044
  -0.844
   0.311
   0.145
  -1.241
   5.411
  -0.641
   2.152
   0.477
  -0.349
  10.892
  -9.055
   0.630
   0.264
  -2.113
  -1.995
  -3.408
   1.120
   0.667
   0.006
  -0.599
  -3.964
  -0.927
  38.283
   0.044
  -0.555
 -11.398
   2.463
  -1.068
   1.906
   1.122
   0.574
   0.821
  -0.272
  -0.104
  -1.880
  -3.333
   0.123
  -1.188
   0.041
  -2.699
  -0.944
   0.070
  -1.402
  -2.468
  -0.690
  -0.040
   0.264
   0.204
  -2.438
 -28.340
   0.409
  -0.389
  -0.925
  -0.441
  -2.810
  -1.753
   0.473
  -1.693
  -3.237
  -0.786
  -0.062
   0.475
  -1.689
  -1.257
   1.520
  -2.932
 -10.337
   0.828
   3.853
   1.484
  -0.367
-140.091
   0.916
  -0.082
   0.209
  -3.128
   0.324
   0.170
  -1.108
  -9.953
  -0.415
 172.369
  -0.098
  -2.240
  -0.599
   0.070
  -0.291
   1.556
   1.280
   0.044
   1.597
  -0.008
   0.085
   0.996
   0.174
   0.653
 -48.806
   1.557
  35.563
   2.034
   0.516
   2.679
  -0.314
  -0.721
  -3.235
  -0.253
  -1.979
   3.566
  -0.221
  -3.014
  17.805
   0.403
  -3.485
  -1.272
  -0.099
   0.427
  -0.359
  -3.067
  -0.071
  -0.138
  -0.464
   0.495
  -1.119
   1.359
  -0.723
  -0.164
  -0.115
   5.407
  -0.547
   0.046
   1.094
   0.150
  -2.571
  -0.717
   3.088
   5.063
   0.979
   1.290
  -0.008
  -0.461
   0.682
  -0.484
  -1.998
 -55.782
   3.362
  -1.075
   0.774
   0.106
   1.565
   0.149
   2.189
  -0.338
   0.635
  -6.866
  -1.236
   0.035
  -0.123
  -0.626
  -0.071
   0.228
  -0.377
  -4.035
   0.797
   0.223
   1.347
   6.881
  -1.707
   0.728
   6.627
   4.939
  -0.630
  -0.506
  -5.675
   0.645
  -1.849
  -3.939
   2.323
  -0.037
  12.593
 -72.116
  -0.210
  -0.094
   7.936
   0.649
   0.772
  -0.221
  -2.855
  -0.091
  -0.977
  21.528
  -0.501
  -0.353
  -0.614
  -1.017
   1.341
  -1.232
  -1.176
   5.823
  -0.366
   3.644
  -0.786
   0.037
   1.496
   1.873
  -0.637
   1.986
   0.110
  -5.538
  31.540
  -0.605
   0.821
  -1.480
   0.708
   1.417
   2.682
   5.837
   2.643
  -0.410
  -0.509
   0.582
  -0.308
  -0.969
   0.375
  -0.432
   0.025
  -0.393
  -8.423
  -4.117
   1.053
  -0.185
  -0.324
   0.264
  -3.212
   0.169
  -0.003
  -2.230
  -1.196
  -0.867
   0.138
   3.824
  -0.898
   0.520
  -0.050
   1.793
   0.753
   1.328
  -0.756
  -0.984
  -1.416
  -2.410
  -0.517
   0.604
   0.399
   1.108
   2.040
   0.442
  -0.121
   0.195
   1.488
   2.266
  -2.982
   4.695
   0.547
  -6.208
   1.378
   1.240
   0.510
  -0.228
  -0.945
   0.565
   1.617
  -1.061
  -1.167
   0.693
  -0.630
  -0.052
   0.034
  -0.496
  -2.769
   2.982
   7.775
   1.051
  41.963
  -2.966
  -0.032
   0.259
   0.981
   1.946
  -4.824
   1.282
  -0.789
  -0.909
   0.149
  -0.181
   1.763
   0.410
  -1.809
  -0.030
   0.097
   0.024
  -1.642
 482.383
   0.256
   0.780
  -1.583
  -3.877
  -0.343
   0.857
   2.923
   2.263
 -26.057
  -0.900
   2.708
  -1.045
   3.192
  -4.718
   3.565
  -0.201
   1.247
  -1.767
  -1.613
  -0.682
   0.413
   0.070
  -0.534
   0.554
   0.692
 -10.317
  -0.936
  -1.245
 -43.822
  -0.314
  -0.438
   3.251
  -1.651
  -2.106
  -0.408
   4.855
  -1.268
   3.206
   1.259
   1.786
   0.043
   0.146
  -7.833
   1.062
  -0.442
   0.713
   1.083
  -8.899
-1282.341
   0.464
  -0.179
   0.177
  -2.369
  -0.406
 -13.058
  -0.419
  -0.681
   0.194
   3.114
  -1.130
   0.080
  -2.674
   0.059
  -0.363
   0.567
   1.161
  -0.494
   0.408
  -0.332
   2.062
   0.410
   1.566
   2.852
  -2.045
  -1.289
   0.076
  -7.447
  18.381
   0.036
  -0.225
   0.171
   0.959
  -0.455
  -3.939
  -4.327
  -3.404
  -0.939
   1.029
  -3.998
 -17.364
   0.400
   2.824
   1.753
  -0.095
   5.018
  -1.161
  -0.474
  -1.045
  -3.278
   2.874
  -0.482
  -1.895
  -0.020
  10.757
  -9.955
   0.278
  -2.702
  -0.443
   0.181
  -0.781
  -0.385
   1.294
  -0.723
  -0.232
   1.558
  -9.972
  -2.810
  -0.105
  -8.505
   0.202
  -0.599
  -0.790
  -8.404
  28.626
  -2.056
 -15.544
  23.201
  -1.107
   6.876
  -0.913
  -0.434
  -1.723
   0.457
  -0.710
  -1.032
  -0.344
  -0.099
  -6.530
  14.866
   0.095
   9.185
   0.987
  -1.205
   1.332
  -0.284
   0.313
   1.592
   0.531
  -0.866
   0.619
   1.892
   0.825
  -0.761
  -9.530
   2.079
  -0.078
   2.208
  -1.480
   4.211
  -0.135
  -1.088
  -6.478
   1.115
  -1.093
 -24.468
  -1.077
  -0.074
  -0.086
  -1.207
   1.525
  -0.311
   0.672
   1.051
   0.976
  21.551
   0.052
  -0.187
  -0.747
   0.495
  -0.498
  -2.813
   0.032
   6.001
  -3.078
   0.025
   3.291
  -8.473
   0.971
  -0.971
  -0.572
   2.703
   2.569
  -0.618
  -1.620
   1.341
  -2.571
   1.145
  -1.891
   1.224
  -0.422
   1.643
  -3.096
   0.361
  -9.813
   0.130
  -0.611
   0.747
   1.828
   1.861
  -0.262
   1.372
  -0.844
  -1.803
   0.577
  18.102
   1.357
  12.892
  -0.296
   0.980
   0.273
   0.436
  -0.355
  -0.761
   0.113
 -40.140
   0.747
  -0.474
  -2.301
   0.242
   0.564
  -0.966
   1.383
   0.894
  -0.502
 -10.608
   6.532
  -0.063
 -18.476
   2.578
  -0.233
 -10.702
 -24.892
   2.185
  23.233
  -0.568
   2.395
  -1.128
  49.968
   0.923
  -1.498
   2.781
   0.655
   3.532
   3.379
   0.260
   0.428
  -1.783
 -10.423
   9.609
  -1.179
  -0.004
  -6.045
   0.597
  -6.412
  -1.503
  -0.857
   0.483
  -0.430
  15.998
  -0.877
   0.295
   1.977
   1.040
  -0.667
  -0.811
   0.776
  -1.950
  -2.922
   0.478
  -1.754
  -0.158
  -1.312
  38.596
  -1.047
  -0.441
 -16.492
   0.490
  -0.568
   0.028
   0.990
   1.817
   1.522
   1.439
   0.211
   0.646
   0.220
 119.722
   3.244
  -2.275
  -0.649
  -3.363
   0.093
   4.341
   0.679
  -1.774
   0.164
  -1.168
   0.246
  -0.954
   2.915
  -1.079
  -0.474
  -5.760
   4.142
  -0.428
   3.500
  -0.339
   4.794
  -5.150
 155.983
  -0.380
 -40.264
  -1.433
  -2.111
  -0.472
  -1.088
   0.298
   0.070
   1.055
   1.161
   0.105
   1.390
   1.722
   0.929
 211.087
   1.821
  -0.080
  -1.059
   2.785
   1.146
   0.551
   0.610
  -1.949
  -0.270
  21.599
   0.222
   1.346
   0.049
   2.721
  -0.684
   1.169
   0.357
  -1.884
  -0.193
   1.188
  -2.691
   0.916
  -0.899
   1.092
  -0.826
  -1.044
  -3.808
  -1.319
  -0.447
  -0.050
   1.678
  -9.038
  -1.642
  -3.941
   1.281
   0.499
   0.096
  -0.818
   2.928
   0.750
  -0.098
  -2.809
  -6.492
  -0.642
   1.591
  -0.026
   0.234
   0.572
   0.155
   1.231
  -1.106
   6.098
   0.708
   1.973
   2.406
   0.259
  -0.277
   0.361
  -7.522
  -0.213
   0.870
  -0.459
   1.359
   1.431
   3.437
  -3.200
   0.504
  -2.617
   1.313
   1.303
  -0.324
  22.441
   6.783
  -0.137
  -0.851
   0.204
   1.608
  -2.448
   0.225
   0.593
   0.580
  -4.724
  -0.175
   0.781
  -1.275
  -1.386
   4.546
  -0.208
   0.603
   0.087
  -0.090
  -0.657
   0.869
  -4.957
  -0.413
   2.818
  -0.705
   0.326
   0.505
   0.494
   0.361
  -5.033
  -0.838
   1.119
   0.410
   1.853
   0.483
  -0.203
  -1.951
   0.458
   1.093
-101.169
  -0.115
   0.552
   0.617
  -6.885
   8.137
   3.045
  -0.986
   1.125
  -7.930
   0.959
   8.514
   1.182
  -2.487
  -0.709
  -0.636
  -0.049
  10.137
   2.970
  -7.760
   0.375
   0.529
  -5.026
   1.217
-107.549
  -1.571
  -0.034
   1.913
  -0.277
  -0.992
 -40.021
  -0.357
  15.234
  -0.429
   0.820
   0.289
  -0.286
  -7.469
   0.687
  -0.973
  -0.053
  -0.071
  -0.205
  -0.036
   0.559
   2.105
   0.389
  -0.325
  -0.900
  -0.714
   4.485
   1.290
  -0.281
   6.547
  -0.346
   7.770
   0.436
   0.547
   2.011
   2.361
  -0.850
   0.385
  -6.180
  -1.243
  -0.203
  -3.592
  -0.674
  -0.101
  -0.009
   0.262
  -0.773
  32.957
  -1.898
  -0.438
  -1.470
   0.151
   0.214
  -0.244
 -21.371
   1.295
   0.711
   2.733
-316.488
   0.519
  -2.727
   0.734
  -0.167
  -2.343
   0.349
  -7.417
  -3.520
   0.864
   1.682
  -3.139
   0.171
  -1.374
   2.679
  -5.218
   1.766
  -0.587
   3.009
  -2.645
   1.379
 -20.090
  -0.355
   0.131
   4.066
  -1.521
  12.362
  10.838
  -0.351
   1.533
   9.118
   3.697
   2.000
  -6.481
   0.652
  -1.177
  -0.433
   0.326
   0.444
   0.231
   0.485
   1.135
   0.249
   0.072
  -0.791
  -2.875
  -0.341
   0.391
  -0.685
   1.377
   0.459
  -1.918
  -1.243
   0.371
   0.369
  -0.065
  -0.014
  19.174
   2.209
  10.832
   1.354
   0.353
  -0.935
   2.804
   1.382
   0.117
   0.989
   0.288
  -3.775
  -0.130
  -0.919
  -0.516
   1.996
   1.107
-166.294
   0.670
  -1.866
   0.151
  -0.784
  -0.607
   6.788
   0.611
  -2.376
  -0.056
  -1.028
   1.244
 -10.949
  -0.208
   0.261
  -0.298
   0.547
   1.142
   1.258
   1.789
  -0.908
   6.878
  -1.990
  -1.091
   0.630
   1.451
   1.003
  24.265
   0.386
  10.154
  -1.263
   1.127
   0.122
  -1.058
   0.603
   1.702
   2.036
   0.593
   0.219
   0.542
  -1.631
   0.651
  67.049
 -11.515
  -0.414
   1.028
  -1.228
   0.842
  -1.220
 -62.183
   1.142
   4.626
   0.640
   7.730
 -20.308
  -0.468
   0.915
   1.142
   1.151
   1.045
   1.692
  -2.054
   2.038
   0.107
   2.927
   0.120
   5.283
  -0.476
   1.034
   0.793
   0.200
  -0.430
  -1.724
  -1.270
   5.335
  -0.293
  18.433
  -2.734
   7.335
   1.037
   0.647
   1.791
  -0.604
   0.612
   2.399
   0.741
  16.338
  -0.097
  -1.102
   0.573
   1.382
  -0.036
   6.049
   0.389
  -0.105
   0.196
   0.967
  -1.659
  -1.785
   3.019
   0.008
  -3.739
  -0.952
  -0.230
  -0.685
   6.314
  -1.241
   0.037
  -0.618
  -0.103
  -0.201
  -0.705
   0.988
   6.392
  -0.358
  -0.171
  -1.176
   2.504
   6.585
  -1.147
  -1.106
   0.288
  -7.308
  -1.565
  -0.157
   1.032
   0.055
  -0.450
   0.356
  -1.120
   1.084
   5.071
   0.697
  -0.088
  -0.030
  -0.424
  23.874
 -10.914
  -0.443
   0.800
   0.077
  -0.035
   0.834
   0.330
   0.009
  54.647
   0.488
   3.707
   0.649
  -1.014
  -0.950
  -0.440
  -2.196
   0.074
   7.539
   0.290
   0.500
   0.729
 -10.676
   0.273
   1.784
  -0.845
  -1.628
  -1.246
   0.054
 -17.077
   0.525
   1.101
  -0.268
  -0.276
  -6.007
  -0.872
   0.929
   1.136
  -0.560
  -0.974
  -1.116
   1.071
  -2.884
  -1.741
  -0.181
  -0.648
   1.057
   0.219
   4.029
  -0.661
   0.540
 -13.337
   0.020
  -5.732
   0.505
  -2.152
   0.710
   0.049
   2.904
  -0.279
  -0.393
  10.507
  -1.367
  -0.122
   0.999
  -1.171
   1.603
  -0.219
  -0.129
  -1.417
   0.825
   1.764
  -0.790
   3.471
  -0.703
   0.031
  -0.051
   1.473
   4.482
  -1.511
   0.351
  20.771
   1.471
  -0.362
   1.260
  24.419
 -14.159
   0.009
  -3.172
   0.723
   0.075
  -0.282
   2.012
   0.297
   0.120
  20.239
  -2.392
   2.032
   2.807
 -10.001
  -0.319
   0.620
   0.234
  -0.827
  -0.319
  -0.235
   1.304
   1.235
  -0.054
  23.276
  -0.252
  -0.683
   2.130
  -0.369
   3.235
  -2.210
  -1.359
   1.743
   1.328
   0.605
  -1.245
   2.313
   1.775
  -0.850
   1.002
  19.671
   0.901
  -1.328
   1.589
   0.644
  -0.253
  27.484
   0.094
  -0.578
 -31.324
   0.263
   1.177
  -0.229
   1.301
   1.271
  -0.355
   1.057
  -0.279
  -0.629
   1.376
  -0.237
  -8.475
   0.243
   0.261
  -1.503
  -0.783
   1.158
   1.884
   1.672
   0.080
   0.922
  -0.082
  -0.889
  -0.813
  -0.015
 -10.002
   0.419
   1.033
  -1.638
  -2.755
   1.085
   6.621
   4.803
  11.680
   0.953
  -4.456
  -5.989
  -0.815
  -2.500
   2.587
   5.253
   1.306
   2.544
   1.213
 -11.339
   0.026
  -0.530
   2.247
  -1.117
  -0.882
  -0.668
  -0.896
   2.083
 -21.132
  -0.098
 -58.879
   0.270
  -3.160
   0.136
   1.090
  -0.706
   0.821
   0.106
  -2.380
  -2.540
  -0.229
   1.085
  -0.645
  -5.105
  -1.946
   1.675
   0.378
   1.370
   0.496
   0.519
  -4.187
  -2.152
   3.182
  -2.080
   1.132
  -0.755
  -0.137
 -23.521
 -16.922
   2.714
  -3.069
  -0.041
  -0.295
   3.831
   0.074
  50.242
  -0.406
   0.338
   2.771
  -1.636
   4.021
  -0.299
  -0.716
   0.481
   1.335
   8.864
  -1.531
   0.715
  -0.078
  -2.576
  26.101
   0.592
  -0.271
   0.111
   0.221
   1.014
   1.940
   1.363
   1.467
  -1.747
   2.013
   1.398
   0.611
  -6.862
  -0.472
   0.873
   0.948
  -0.557
   5.369
 -60.802
  -0.046
  -2.390
  -0.610
  -0.983
   0.548
   7.505
  -0.471
   0.912
  -2.400
   0.096
   0.291
  -7.439
  -0.461
   0.025
  -3.736
  -4.217
   1.145
   0.260
  -0.081
   5.049
   0.172
   1.566
  -0.285
  30.329
   0.052
  -0.968
  -1.542
 -33.565
 -30.092
   0.317
  -0.789
  -0.070
  -0.518
  -0.879
   0.258
  -0.292
   0.840
   1.294
   2.364
  -4.502
  -0.613
  -5.753
  -0.272
  -3.487
   3.401
   3.412
  -0.702
  -1.204
  -0.239
  -2.940
   0.540
  -0.892
   2.631
  -4.402
  -0.178
   4.482
   0.456
   6.648
  -0.020
 -32.242
   0.424
   0.986
  -2.619
  -4.929
  -0.114
   0.181
   0.672
   1.652
   0.022
   0.138
  -0.202
   0.787
   1.017
  -1.311
  -0.948
  -0.475
 -13.783
  -1.027
  -1.192
   0.151
  -0.193
  -0.626
  -1.924
   0.019
  -0.369
  -0.583
  -0.548
  -0.266
   1.362
  -0.928
   1.359
  -0.205
  -0.367
  -0.658
   0.393
  -0.037
   0.280
  -1.172
   0.459
  15.543
   2.009
  -0.640
   1.603
  -0.616
   0.545
   0.236
   2.250
   0.175
  -0.024
   2.206
  -0.892
   0.786
   1.128
  -1.251
   2.675
  -2.900
  19.489
 -14.463
  -0.525
   0.707
   3.056
   2.280
  -0.274
  -0.301
  -1.173
   0.408
  -1.760
  -0.233
   1.773
  -0.678
  -0.395
  -0.730
  -2.295
   2.209
   0.529
   2.114
   2.948
  -1.765
   1.337
  -3.737
   2.186
   0.948
   1.056
   0.628
   1.075
   0.510
 -32.294
   1.702
   5.021
   0.379
   0.020
 147.709
  -4.162
   2.099
  -1.153
   0.377
  -0.164
  -1.075
   0.057
  -0.836
  -0.324
   0.270
   3.766
  -9.353
  -0.726
   0.525
  -3.021
  -0.155
   0.354
  -7.131
   0.893
   0.416
  -2.829
  -0.494
  -0.633
   1.742
  -0.839
   0.960
  -0.048
   0.622
   0.290
  -4.691
  -0.236
  -0.804
  -0.192
 -10.649
   0.579
   0.564
  -0.886
   1.066
  -0.814
  -0.149
   2.184
  -1.317
  -3.478
  -0.612
  -5.583
   2.906
   0.570
  -6.061
   6.424
   0.020
  -0.333
  -8.322
  -4.947
  -1.002
   0.617
   0.845
   1.078
  -0.689
   0.616
  -1.003
  -0.377
   2.294
  -2.689
  -0.497
   0.819
   2.035
  -1.840
   5.913
   0.427
  -1.056
  -0.513
  -4.169
  -0.502
   0.440
   1.063
  -1.468
   1.465
   0.143
  -0.001
   0.448
  -0.193
   0.633
  -4.184
   1.574
  -1.821
  -2.642
   1.271
   1.124
   0.135
   1.449
  -0.925
  18.442
  -0.345
  -0.413
  -8.004
   0.160
   0.274
   2.731
  -0.874
  -0.804
   0.005
  -1.357
   0.379
   2.474
   1.853
  -0.199
   0.108
   1.395
   0.211
   3.183
   0.173
  -0.260
  -4.310
  -0.131
  -0.020
  14.906
  -1.448
  -1.324
  -0.164
  -0.169
   1.403
  -0.161
  -1.881
  -1.153
   0.287
   1.204
   2.286
  -0.939
   1.071
   2.197
  -1.025
   2.759
   7.879
  -0.042
  -0.085
  -1.094
  -0.183
   1.498
  -0.674
   3.218
   0.480
  -0.184
  -0.251
   2.194
  -8.174
   0.122
  -7.602
  -6.682
  -5.205
  -3.798
  13.096
  -6.512
   1.172
   1.249
  -0.774
   0.013
  -0.552
  -6.609
   3.135
   3.365
  -0.373
   0.746
  -0.101
   0.518
  -0.355
  -7.963
   0.209
   0.311
   0.439
   0.282
  -4.217
  -2.160
   0.957
   0.412
 -19.533
  -1.369
  -0.130
 -25.628
 -15.372
  -5.799
   0.771
   0.577
   1.833
   1.707
   0.927
  -0.813
  -7.075
   0.247
  -0.355
   0.186
   0.030
   1.041
   5.320
  -1.308
   3.243
  -0.459
   0.111
   5.893
   0.809
  -2.016
  -2.633
   7.558
  -0.213
  -0.172
  -4.575
   4.801
   0.994
  -1.859
   2.204
  -0.089
  -6.004
   8.576
  -0.343
   6.317
   4.913
  -9.239
  -1.429
   0.326
   0.422
   2.725
   0.413
   1.307
  -0.652
  -1.921
   8.546
  -0.061
   0.825
   1.288
  -0.913
  -0.594
  -8.164
   0.744
   1.215
   0.225
   1.044
   1.478
  15.482
  -3.851
 -12.681
   1.058
  -1.297
  -4.827
  18.401
   0.977
  -0.756
   1.915
   0.273
  -0.520
  -8.323
  11.121
   0.752
   0.344
   1.212
   1.215
   5.918
  -0.275
  -2.964
   0.108
   0.098
   0.198
   2.912
  -2.010
  -1.939
   0.472
  13.047
   0.553
   0.093
   4.857
   8.140
   3.440
   0.947
  -2.260
   1.539
   0.598
   2.452
  -1.521
   1.056
  -2.357
   0.455
  -0.421
   1.316
  -0.038
 139.383
   0.177
   4.950
  -0.481
   0.041
  -8.727
  -0.969
  -2.130
   4.384
  -0.663
   6.917
   8.599
  -5.076
   1.771
   1.885
  -9.922
   1.370
  -0.620
   0.564
  -1.621
  -1.039
   0.037
  -0.721
   4.663
   0.368
   0.590
  -0.250
 -15.424
  -4.131
  -0.870
   0.859
  -1.526
  -0.068
  -0.521
   0.157
   0.812
  -0.306
  -0.948
   0.884
  -0.157
  -0.577
   0.773
  -0.208
  -1.220
   4.683
   0.070
  -0.028
  -0.589
  -2.112
  -2.445
   2.413
  14.494
  -8.613
  -0.375
   0.523
   0.126
   0.178
   2.507
   0.401
   2.435
   0.963
   0.913
  -0.065
   0.635
  -0.413
   0.847
  -2.772
   0.378
  12.949
   7.434
   0.359
  -1.387
  -4.188
  -2.382
   0.049
   2.381
   0.700
  -0.713
   3.954
  -5.196
  12.395
   2.391
   0.165
  -0.406
   2.179
   1.181
   1.146
   0.299
  -0.446
   5.689
  -0.025
  -0.139
  -1.254
   0.468
  -9.636
  -0.631
  -0.483
  -0.673
   0.579
  -0.315
   1.205
  -4.681
  -2.411
   1.197
   3.452
  -2.770
   0.544
   1.687
  -0.181
   0.069
  12.765
   0.238
   1.275
   1.085
   0.774
  -0.046
  -1.988
   7.632
  -2.285
  -0.251
  -0.313
   0.642
   0.860
   0.241
   0.203
   0.658
   0.455
  -0.395
   3.539
  -9.597
   0.640
  -1.670
   0.686
  -0.588
   0.217
   0.391
  -2.587
  -1.017
   0.142
  -0.324
   0.052
   0.604
  -1.262
 -10.071
   0.801
   1.014
   0.451
   0.386
   1.069
   0.986
  -4.710
   0.325
   0.391
  10.873
  -0.503
  -0.584
   0.366
   0.121
  -6.164
  -2.207
  -0.930
  -2.164
   2.327
  -0.197
   0.235
   0.462
   1.065
  -0.636
  -0.195
   0.043
   1.518
   1.103
   1.867
   0.758
  -2.966
   3.054
   1.259
  69.474
  -1.169
 -12.416
   0.534
   0.534
   0.260
  26.691
  -0.395
  -1.628
  -1.441
   0.474
   1.448
 -24.882
  -1.544
  -0.277
   0.736
   0.090
   0.445
   1.304
  -0.422
  -4.308
  -2.262
  -0.817
  -2.025
   3.056
  -0.428
  -0.379
  -0.114
  -1.292
   0.390
   0.858
  -1.336
  -7.778
  -9.839
  -1.044
  -0.263
  43.080
  -0.556
   0.137
   0.499
  -2.362
   7.190
   0.664
   2.513
   0.506
   0.634
  -0.706
   2.094
   0.645
   0.622
  -0.024
   1.702
   5.558
  -0.639
   0.696
   3.020
  -0.890
  -3.621
   2.292
   1.518
  -0.773
  -2.355
   1.593
  -0.303
  -1.511
   0.383
  -0.108
   0.054
  -3.919
   0.335
  -0.278
   3.023
   0.190
  -0.132
  -0.423
  -0.449
   1.034
  -3.332
   0.491
   0.071
  -0.026
  -1.236
  -0.069
   0.086
   3.196
   0.235
   0.835
  -3.628
  -1.204
  -4.074
  -2.383
   0.589
  -0.311
   0.347
  -0.242
   1.197
  66.778
   3.334
   2.153
  -1.186
   1.171
   0.360
   0.522
 -11.297
   0.636
  -1.678
  -6.555
   0.066
   3.401
   2.109
   1.453
   3.294
   2.545
  -0.635
  -0.649
  -0.360
   0.930
  -1.250
  -0.118
   1.439
   1.651
  -1.098
   1.590
  -0.331
   0.834
  -0.462
  -7.444
   1.750
 -27.448
   0.316
  -0.373
   0.216
  -0.255
   0.028
 -23.401
   0.125
  -1.137
  -2.208
  -3.051
   0.803
   1.620
   2.700
  -0.827
  -0.500
  -2.342
   0.574
  -5.845
   0.399
  -1.441
   0.490
  -2.362
  -3.427
   0.871
  -0.944
  -1.137
   3.753
  -1.853
  -1.677
   0.077
  -6.941
   0.827
   1.490
  -0.621
   0.022
  -1.284
  -1.127
  -0.652
  -1.325
  -3.179
   0.656
   1.205
  -0.014
  -2.647
  -1.047
  -1.705
   1.113
   0.261
  -0.903
 -26.480
  -0.249
  -1.191
  -2.953
   1.534
  16.539
   4.984
  -0.235
  -5.235
   0.212
  -0.316
  -2.783
  -0.840
  -0.311
   0.080
  -0.159
  -0.421
   0.447
  -0.064
   2.049
 -58.980
   0.971
  -0.691
  -0.803
  -0.904
  -0.487
  -2.173
   0.803
  -1.200
 -25.009
  -3.199
  -0.851
  -1.250
  12.896
  -0.536
   1.121
   0.563
   1.753
  -0.604
   0.420
  -0.063
  -0.219
   0.085
  -3.572
   6.272
  14.406
  -0.851
  -0.004
  32.701
  -0.996
   0.740
   0.935
  -0.652
  -0.315
   1.289
  -0.177
   1.797
  -2.446
  -1.264
   0.576
 -33.709
  -1.286
   0.605
  -0.847
  -1.671
  -0.591
  -1.888
  -1.031
  -0.555
   2.553
   0.729
  -1.762
   0.631
  -0.341
   3.944
   0.749
   1.234
   0.871
  -0.961
  -1.149
  -0.198
   2.476
  -0.260
   0.894
  -0.480
  -3.331
   0.671
   1.929
  -2.554
  -1.547
  -0.452
  -0.233
  -0.151
  -0.360
   2.333
   2.884
  -4.476
   1.767
  -1.280
  -0.516
  -0.266
   2.972
  -0.317
  -0.219
   1.646
 -58.848
   0.099
   1.674
   2.615
 -10.286
   9.828
   3.101
   0.710
  -0.932
  -0.038
  -0.476
   1.497
  -0.042
   1.302
   4.180
  35.752
   4.409
  -0.364
   0.273
   1.852
  -0.068
  -0.927
  -0.979
  -0.024
   1.371
  -0.226
   1.271
  -0.341
   1.147
   7.112
  -0.218
   2.807
   8.560
   3.755
  -1.124
   1.025
   0.691
   0.758
   0.874
  -1.606
   2.929
   0.764
   0.315
   0.428
  -1.573
   0.703
  -5.705
   0.769
   0.787
   0.423
  -3.066
  -7.732
  -0.600
  -0.308
   0.340
   0.692
  -1.581
  -5.151
  -1.606
   2.885
   2.203
  -4.504
  28.385
   1.782
  -5.653
  -2.018
   0.995
   0.746
  -0.147
   0.281
   3.514
   0.662
   1.809
  -0.064
   1.243
   0.342
  -1.809
   1.761
  -2.547
  -1.103
  -2.172
  -6.038
   0.719
  -2.892
   1.435
  -0.381
  -2.115
 -10.898
   0.515
  -2.616
  -1.281
   0.283
   0.632
 -12.669
   0.619
   0.929
   2.104
  -3.347
  -0.767
  -3.504
  13.124
   1.880
  -0.218
   0.058
  -6.028
   0.779
  -0.169
  -0.815
  -0.374
  -2.741
   0.197
  -0.719
   2.530
   0.467
 -16.656
  -0.608
  -0.383
  -1.473
   1.087
   0.486
   0.263
   6.581
  -4.662
   2.812
   1.424
   1.156
   4.779
  -0.757
   0.355
   1.200
  -0.023
   1.039
   0.162
  -0.562
   2.898
   2.250
  -0.413
   2.381
  -2.648
   1.782
  -2.807
  -0.599
  -1.666
  -8.240
   5.140
   1.102
  -5.380
 -32.207
-243.430
  -4.283
  -1.206
   0.239
   1.337
  -1.371
   1.064
  -1.062
  -0.331
   1.145
-9766.100
  -2.836
  -0.366
   0.212
  -1.126
  20.017
  -1.237
  -0.353
   1.150
  -0.506
  -4.171
   0.113
   0.350
   2.835
  -0.808
  -1.552
   2.205
   0.548
  -2.914
-133.345
   5.588
  -0.249
  -2.321
   0.817
  31.571
  -1.185
  -0.259
 -68.527
   0.255
-198.970
  -1.154
  -1.381
   0.023
  -9.123
  -8.729
  -3.466
  -0.664
  -2.009
   2.345
  -0.790
   0.387
  -1.612
   2.406
  -1.056
   0.058
  -0.259
   2.339
   0.585
  17.892
   0.205
   1.153
   3.586
  -9.122
  -0.911
  -2.125
  -0.473
  -1.645
  -1.645
  -2.373
   0.890
   0.883
   1.964
   0.785
  -2.172
   2.240
   3.173
   2.610
   0.126
   0.463
   0.185
   0.733
  -0.638
 -19.907
  -2.509
   0.380
  -0.780
  33.740
  -0.326
   0.779
 -12.347
  -0.658
  -0.528
   3.592
   1.385
   1.364
   0.074
  -2.819
   0.185
  -0.006
   1.121
   3.223
  -0.910
  -3.870
  -5.850
  -0.455
  -0.933
   0.146
  -0.625
  -0.582
   0.637
   3.273
   0.445
  -0.875
   0.341
  -0.435
   4.983
   2.147
  -0.930
  -1.223
   5.547
   0.027
  -0.167
   0.221
   0.671
   4.641
  -8.367
  -0.116
  -3.661
  -0.125
  -0.026
  -0.417
   0.436
  -0.621
  -0.076
   0.165
  -0.397
  -4.267
   0.960
   0.039
   2.888
   2.012
   0.934
  -9.077
  -6.362
  -1.606
  -0.289
   3.860
   0.057
  10.958
   2.149
  -0.608
   1.899
  12.661
   0.038
  -0.104
  -1.295
  -0.234
   0.310
   0.235
  -0.988
   1.730
   0.628
   2.994
  -0.276
  -0.315
  -4.760
  -1.464
  -0.561
  -4.592
  -0.290
   0.550
   0.982
  -1.441
  -0.643
   0.371
 -12.639
  -3.558
   1.238
   0.959
   0.557
 -77.626
   0.967
  -1.726
   0.552
   0.285
 295.484
  -2.775
  -2.526
   0.176
   2.392
  -0.084
  -0.081
   2.482
   0.245
 -36.716
   1.100
  -0.786
   0.017
   0.347
  -1.703
  -0.945
  -0.542
  -0.534
  -2.537
  -0.085
   1.194
   2.344
  -3.239
   1.190
   2.231
  -0.489
  -0.883
  -0.470
  -0.205
   0.202
   0.419
   0.891
   0.710
   0.140
   1.456
  -3.135
   1.053
   2.394
  -4.346
  -0.386
   1.888
   0.640
   7.449
   0.554
   1.525
   0.332
   0.414
  -0.256
  -2.384
  15.431
  -0.643
   5.260
   0.081
   1.311
  -1.073
   5.227
  -0.392
   1.409
  -8.474
  -2.443
   0.482
 -17.139
  16.823
  -0.989
  -7.727
  -0.734
  -1.135
  -9.142
  -1.296
  -1.625
   1.005
  -3.767
   2.061
  -0.433
   0.544
   3.600
  -0.291
  -0.927
   0.973
  -0.278
  -1.260
 106.228
  -0.020
  -0.012
  -2.328
   1.131
  -2.042
   1.043
  -2.275
   0.547
  -2.178
  -1.395
  -3.262
   0.163
  -1.085
   0.019
   5.730
 -87.014
  -0.249
   0.994
   0.981
   7.473
   0.088
   0.692
   2.072
   2.412
  -2.094
  -1.065
   0.551
   2.153
  -0.659
  -0.280
  -1.049
   1.293
   1.563
   5.905
  -1.210
  -1.459
   0.985
  12.872
   0.549
   0.413
  -0.373
   1.323
  -0.017
   0.011
   1.906
   0.303
  -6.812
  -1.732
   2.474
  -1.194
   0.054
  -1.014
   0.487
 -14.584
  -2.898
   0.075
  -0.108
   4.230
   0.552
  -1.182
   0.004
  -2.940
  -0.259
   2.036
   0.506
   1.167
  -2.214
  -1.265
   1.025
  -0.320
   2.145
  -1.292
   0.739
   0.201
   8.436
   0.064
   3.525
   3.777
   1.136
  -1.955
  -0.979
   0.797
  12.209
  -0.042
-105.733
   2.100
   0.713
  -2.020
   0.337
   0.159
   1.618
  -0.017
   2.086
   2.854
   0.105
   0.098
  -0.208
   1.716
   1.956
   0.444
  -0.092
  -8.440
  -0.107
   0.234
   0.226
   2.215
  -0.759
   0.048
   0.052
  -3.483
  -1.840
   2.484
   0.751
   0.133
   1.588
  -0.210
   3.501
  -3.667
  -2.395
  -3.023
  -0.667
  -0.204
   0.379
   0.395
  -0.590
   0.399
   4.741
 -61.858
   0.888
  -1.070
  -3.342
   1.839
  -0.058
  -9.257
  -0.120
   1.050
   0.389
   0.547
   0.010
   0.540
 -11.333
   1.015
   1.877
  -0.255
  52.817
  -0.365
  -0.585
  -0.904
   0.522
  -0.297
   0.833
  -0.002
  19.613
   3.441
   0.089
   0.059
   0.138
  -0.579
  -2.367
  -0.080
  -0.154
   0.508
   2.597
  -6.554
   0.242
   1.147
   1.880
   0.803
   2.280
  -1.321
  -0.160
   0.261
 -13.629
  -0.867
   1.178
   0.601
   0.978
   0.514
  -0.565
   2.096
   0.584
  -1.228
   3.694
  -0.537
  -0.740
  -5.454
  -2.812
   0.274
   0.963
  -1.984
   1.166
   1.146
   2.099
   2.285
  -0.578
  -0.623
  -0.427
  -0.477
   1.280
  -1.688
   2.589
  -3.435
  -4.541
  -0.061
   0.506
   0.723
  -0.615
   0.089
   4.917
   0.999
  -0.593
  -1.312
  -0.485
   0.108
  -2.497
   2.436
  10.958
  -0.108
   0.863
   3.098
-153.219
  -0.744
  -0.357
  -0.471
  -6.155
  -0.471
  57.297
  -4.057
  -2.229
  -4.397
  -2.094
   2.261
   0.604
   0.372
  -5.189
  -0.299
  -3.061
   2.497
   1.919
  -0.133
  -0.095
   0.319
  -0.679
   2.240
   0.732
  -0.218
  -0.767
   0.899
   0.445
  -9.089
  -0.276
  -4.222
  66.261
   1.392
   1.049
   0.789
  -8.641
  -0.755
   0.683
  -0.355
  -0.281
   4.640
   1.545
  -0.618
   0.318
   0.874
   0.864
   0.264
   0.981
   0.184
  -0.826
  -4.010
   1.441
   2.032
  -2.869
   0.323
  -1.938
   0.236
  -8.118
  -0.081
  -0.343
 -33.374
   3.675
   1.870
   0.683
   1.775
  -3.017
  -0.159
   0.432
   1.409
   0.302
  -2.980
   0.574
  -0.094
   1.193
  -5.671
   0.271
   4.680
  -0.825
  -0.549
  -0.029
  -1.503
  -0.737
   0.569
  -4.133
  16.835
  -0.387
   1.639
   1.091
  -1.606
   1.493
   0.264
  -0.280
  -8.815
 -11.342
   0.399
   1.530
   0.456
  -0.551
  -0.109
  -4.586
  -1.596
   2.317
  -0.335
  -0.249
   0.690
  -0.008
   1.182
   1.619
   1.037
 -58.512
  -4.302
   2.028
  -1.993
   0.310
  14.297
   1.767
  -0.037
   0.860
   7.910
  -2.381
   5.660
   0.878
   1.052
   1.044
   3.476
 -10.485
  -9.541
  -6.169
  -3.023
  -0.389
  -0.936
  -2.446
   1.099
  -0.349
  -0.155
 -15.624
   2.602
   1.412
  -0.156
  -0.419
   0.535
  -0.101
   3.139
   0.392
  -0.476
 -53.035
  -0.352
  -0.760
   0.989
   0.693
  -0.469
   2.248
  -3.679
  -0.162
  -5.923
   0.627
   1.156
   0.053
   1.376
   0.328
   0.741
  -0.617
   0.843
  -0.531
   0.955
  -0.684
   0.411
  -4.041
  -1.590
   0.098
  -3.674
  -2.590
  -0.045
   1.102
  -2.310
   0.270
   0.321
  -1.061
   0.402
   0.928
  -2.729
   1.575
  -1.654
  -0.351
  -1.684
   1.559
  -0.800
   9.382
  -0.001
   0.499
   0.539
   0.581
   0.006
  -1.750
   1.575
  -1.956
  -1.925
   2.379
  11.671
  -0.475
  -1.562
   1.171
   1.258
 -16.126
  -9.091
   0.340
   0.170
   3.692
   0.273
  -3.396
  -0.177
  -0.783
-125.545
   0.372
  -0.751
   2.949
  -0.549
   0.121
   1.633
  -1.467
  -0.283
  14.490
   1.454
   0.012
   0.463
   1.170
   1.305
 -20.308
  -0.088
  -1.883
  -8.555
  -2.186
   2.839
  -0.065
   1.555
   1.977
   1.585
  -1.881
  -0.729
  -0.727
   0.141
   1.097
   0.836
   0.426
  -0.545
  -0.317
   0.132
   0.826
  -1.062
   0.119
  -0.367
  -0.261
   0.124
   1.607
  36.603
  -1.102
  -0.242
 -41.536
   0.220
  -0.423
  -3.673
   1.224
  -1.286
   1.605
   9.660
   0.194
  -0.766
  -7.754
  -2.379
   2.573
   0.883
  -0.158
   6.950
   0.661
  -0.078
   0.003
 -14.384
   1.954
  -1.053
   0.864
  -2.011
  -0.516
  -0.039
  -0.539
  -0.486
   0.830
  -5.742
  -7.952
  -0.178
  -0.805
  -1.613
   0.088
   1.964
   0.496
  -0.617
   4.443
  -0.026
  -2.281
  -0.362
  -0.098
  -0.538
  -1.181
   8.125
  -1.055
 -49.650
   0.502
   1.651
   0.183
  -0.071
   2.248
   0.128
  25.202
   0.364
  -0.990
  -0.677
  21.485
 -11.171
   1.226
  -0.002
   0.601
  -2.012
 -25.006
   1.814
  -2.148
   3.013
  -0.314
  -0.710
   0.331
   3.168
   1.944
   6.722
  18.618
 -37.439
   0.108
   0.067
  -0.784
  -1.527
  -6.377
   1.807
   0.489
  -2.221
 -34.506
  -0.118
   0.873
   0.732
   0.207
  -0.225
   0.335
   1.816
  -0.476
  -2.353
   2.914
   4.380
   0.236
   0.814
   0.450
  -0.337
   4.669
  -0.026
  -0.112
   0.404
   0.154
  -2.895
  -0.366
  -0.108
  -2.056
-164.976
  22.426
  29.306
   0.256
  -0.167
   0.846
   0.568
  -0.275
   1.400
  -1.477
   0.534
  10.227
  -0.279
   0.857
   2.016
  -3.616
   1.144
  -0.006
  -0.552
  -0.822
  -0.706
  -0.480
   1.661
   0.681
 -38.272
  -0.348
   0.234
  -1.130
  -0.690
   0.338
  -0.167
  -0.791
  -0.340
  -2.492
   3.201
  -1.076
   0.365
  -1.020
  -1.951
   0.447
   1.228
  -1.114
  -0.699
  -0.500
  -0.955
   1.898
  -6.115
   1.158
  -4.577
   0.855
  -3.935
   0.152
  -2.064
   3.019
   0.554
   1.737
  -0.934
   2.232
   0.418
   0.868
   1.137
  -2.172
   3.339
 -29.835
   0.052
  -0.633
   4.907
 -10.316
  -0.271
   0.455
   1.495
  -0.451
  -3.691
   0.015
   1.134
  -0.891
   3.860
  -0.831
   0.238
  -0.139
   0.896
   7.807
   1.674
  -6.433
  -0.719
  -0.270
  -0.816
   5.133
  -1.295
   0.396
  -1.124
  -0.920
   1.236
  -2.011
  -3.118
  -0.945
   7.642
   2.045
  -4.157
  -0.309
  -0.403
  -0.971
   0.312
  -0.493
  -3.335
   3.499
  -0.254
  -1.482
  -2.730
   0.589
  -0.167
  -0.977
  -3.078
   2.080
   0.878
   0.352
   0.906
   0.026
   0.148
  -3.976
   1.320
   0.401
  -0.711
  35.251
   0.434
  -0.278
   0.929
  -8.746
   2.392
  -1.885
  -2.417
   1.154
  -2.694
   2.397
   0.294
  -0.085
  -1.319
  -0.042
   1.862
  -0.178
  -0.628
   0.420
 -10.718
   1.085
  -3.376
   1.074
  -0.203
  -0.558
  -1.159
   1.365
  10.755
  -0.136
  -1.270
   1.036
  -0.539
  -0.701
  -0.698
   1.724
   0.597
   0.840
   1.363
  -0.620
   0.015
   9.706
   0.968
   1.588
   0.282
  -0.295
  -7.385
  -0.332
 -16.255
  -0.039
 -31.711
  -1.040
   3.107
  -0.170
   0.327
   2.730
  -0.326
  -0.298
 -41.291
   0.391
   2.391
   3.974
  -1.224
  -0.527
   2.883
   2.649
   0.024
  -0.494
   4.913
  -2.135
  -1.099
  46.135
   0.211
  -0.347
   0.276
   0.004
   0.847
   2.275
  -2.588
  -1.820
   0.359
  -0.484
   5.125
   0.247
   0.701
  -0.412
  -1.411
   0.614
   1.400
  -0.058
   0.855
  -1.308
   0.060
   2.072
  -0.280
   1.950
  -1.852
   0.088
   4.854
  -0.021
  -0.846
   1.383
  -2.083
   0.426
  -1.149
  -0.163
   0.204
   0.533
   0.062
   0.906
   6.053
  -0.533
  -0.470
  -3.713
   2.665
  -2.496
 -29.707
   1.910
  -0.393
  -3.297
 -27.270
   0.482
   1.037
  -0.404
   5.133
   0.828
   0.688
  -0.877
  -2.663
  -0.327
  -0.051
   4.100
  14.983
   0.085
   0.109
   1.712
   4.160
   0.106
  -0.321
  -1.696
   3.770
   0.702
   3.757
   0.038
  72.277
   4.777
   0.157
   1.076
  -0.009
  -1.139
  -0.925
   2.082
  -1.227
  -0.039
   1.786
  -1.110
   0.182
  -0.671
   0.319
   2.091
   1.199
  -1.037
   1.486
  -0.529
   1.156
   2.084
  -0.136
   0.252
  -1.526
   1.089
  -0.637
  -0.905
  12.498
  -1.079
   0.818
  -0.090
   0.338
  -0.154
  -0.148
  -3.958
   1.135
   1.125
  -0.757
   2.274
   0.283
   7.708
   0.790
  -2.673
   1.993
  -2.659
  -1.441
  -0.809
  -6.320
   0.246
  -2.037
   0.097
   0.072
  22.232
   0.065
  -1.791
  -0.849
 -38.676
   4.812
   4.528
  -0.559
   1.533
 -13.186
   0.085
   0.924
  -1.192
  -6.415
   0.455
  -1.623
   0.259
   0.282
  44.886
   1.772
   1.337
   4.015
   0.042
   0.716
   0.303
  -0.268
   3.752
  -0.144
   0.248
   5.957
   1.982
   1.301
  -0.971
  -1.535
   0.062
  -0.461
   0.416
  -2.518
   1.661
   0.399
  -0.602
 -20.350
   3.354
  -0.715
   6.660
   1.075
  -0.844
  -2.454
   0.303
  -0.729
   0.966
   0.174
  -0.364
  -3.249
  -0.225
  -0.640
   0.548
  14.268
  -0.290
  -0.295
   7.424
  -0.468
   1.167
   1.696
  -5.112
  -1.309
  21.657
   2.981
   1.638
   0.540
  -0.498
  -0.157
   0.349
   0.090
  -0.565
   0.238
  -2.762
   0.230
  -0.606
   1.373
   0.306
   2.918
   2.380
   0.801
   0.415
  -9.607
   6.403
   2.281
 -10.344
   2.937
  -1.451
   0.249
 697.999
   1.163
   0.275
   1.239
  -0.710
  -0.363
   0.489
   2.476
  -0.010
   7.281
   0.284
  -2.966
  -1.058
   1.072
  -0.113
  -1.027
  -2.223
   1.341
  -2.683
  -0.656
   1.242
   2.875
   1.259
  -1.119
   0.935
   4.583
   1.124
  -5.014
   1.602
  -0.168
   0.347
  -0.062
   7.077
   1.101
  -0.017
  -0.293
   1.298
  -0.088
  -0.728
 -25.232
  -0.948
   1.563
  -1.510
   0.036
   1.199
 -22.277
   1.467
  -0.053
  -0.576
   0.176
  -2.514
  -0.681
   3.482
   0.321
  -1.599
   0.138
   1.313
   0.467
   2.442
   0.654
   1.219
  -6.058
   1.023
  -0.403
  -8.610
  -1.310
   1.182
   0.487
   7.945
  -0.971
  -0.374
  -0.786
   0.261
   1.978
   0.377
   3.254
  -1.179
   0.981
  -1.951
   0.463
   0.676
   0.501
  -0.290
  -0.435
   1.417
  -0.392
  -0.562
  -2.040
   3.035
   0.464
  -0.693
   0.249
  -0.076
  -2.404
   0.996
   0.129
  -0.352
  10.612
  10.863
   0.411
   0.240
  -3.978
   1.251
  -0.038
   0.203
  -0.376
   1.089
   0.395
   0.826
   7.311
  -0.837
   0.020
  -0.413
   0.524
   0.244
  -0.829
   1.026
  -1.752
   0.255
   0.835
   0.821
   2.646
  -1.413
  -1.460
   9.904
  -0.578
   1.187
  -2.145
  -0.005
  11.318
  -0.263
   0.026
  -2.406
   0.279
  -0.366
   1.139
  -0.383
  -1.209
  -0.817
   0.407
   0.610
  17.494
  -0.323
  -0.636
   4.599
   6.323
   4.026
   0.844
   0.057
  -1.979
   0.325
   4.398
   0.533
  -5.798
   1.133
   0.501
  -1.216
   0.313
   0.344
  -1.696
  -0.325
  -3.806
   0.322
  -1.771
  -0.297
  -0.109
   2.229
   2.195
   0.206
   0.625
  -0.436
   1.607
  -0.053
  -2.110
   0.414
  -0.015
  -0.703
  -1.104
   3.023
  -3.470
   0.725
  -3.999
  -0.036
   1.210
  -1.440
  -1.106
   0.894
  -0.740
   0.686
  11.262
  -1.256
  -0.114
  -0.479
   3.891
  -1.001
   1.134
  -0.565
  -1.059
   2.694
  -1.581
   0.399
   0.097
 -10.518
  -0.435
  -0.575
   7.890
  -1.660
   0.198
   9.770
  -2.331
   8.385
   0.668
  -2.210
   3.611
   1.123
   1.514
  -0.771
   0.941
   0.075
   0.843
   0.828
   4.774
  -0.980
  -1.061
  10.920
   1.426
   0.132
   1.194
   1.933
   0.061
  -0.177
   3.110
  15.438
   0.813
  -0.958
  -1.024
  -0.873
   2.100
-1391.723
  -1.003
  -0.130
  -0.876
   0.978
   1.707
   0.311
   6.918
   4.611
  -9.899
  -0.122
   0.518
  -3.569
  23.830
  -0.864
  -1.096
  -1.395
  -0.010
  -4.042
  -1.006
   0.484
  -3.539
  -0.200
  -0.928
  -1.450
  -0.635
   1.815
   1.028
  -0.149
  -1.733
   1.003
  -1.407
   1.519
   1.575
  -0.582
   0.451
   1.223
   3.527
  -1.419
  -0.574
   2.086
  -0.828
  -0.116
   1.543
  -5.786
  -3.232
   0.435
  -0.790
   3.156
   0.581
   1.210
  -0.804
  -2.610
-584.819
   3.916
   5.319
   1.860
  -0.003
  -0.069
  -0.336
   2.262
  -0.147
  -0.001
   3.722
  -0.703
   4.254
  -0.536
  -1.731
  -0.275
   5.503
   2.865
  -0.005
  -0.305
  -0.682
   2.864
  -3.816
   0.249
   0.174
  -0.507
   1.131
   0.045
  -0.773
  -0.236
   0.263
  13.285
  -0.663
 283.932
   0.988
   3.014
  -8.161
   3.506
  -0.514
   5.844
  -0.127
   0.061
  -4.740
  -6.196
  -0.735
   3.730
  -1.348
   3.046
   0.695
   1.050
   0.987
  14.214
  -2.017
   0.443
   1.931
   1.708
  -0.406
  -0.630
  -0.168
  -0.376
   1.763
   5.201
  -5.119
 -26.598
  -0.873
  -1.038
   1.988
  -0.073
   0.600
   0.243
   0.134
  -2.279
   1.917
  -0.458
  -0.682
   0.091
   1.224
   0.857
   0.147
  -0.652
  -0.292
   0.078
 -11.922
  81.427
   0.494
   2.491
   0.052
  -9.240
   3.449
   1.096
   0.881
  -0.505
   0.252
   0.754
  -1.221
   1.090
   0.044
  -0.730
   6.471
  25.672
  -0.657
   0.464
   0.249
   0.110
   0.120
  -1.297
   2.598
  -0.716
  -1.132
 -25.238
  -0.080
   4.419
   1.207
  28.500
  -1.452
  -0.293
   1.974
   2.366
  -0.597
  -0.135
   4.005
   8.072
  -2.408
  -0.507
 -13.583
  -0.574
   1.940
   0.863
  -2.431
  -2.643
  -5.140
  -1.389
  -0.464
   0.424
   0.829
   4.039
   1.425
  -0.677
   1.473
  -1.462
  -2.702
   0.228
  -0.101
  -2.190
  -1.227
   1.116
  -1.272
  -0.035
   0.219
  -4.890
   1.832
  -2.607
 -39.442
  -1.233
 -12.371
  -7.936
   0.883
  -0.781
  54.461
   0.053
   5.189
   0.002
   1.118
   0.824
   0.376
   0.404
  -0.170
  -0.913
  -0.123
  -3.994
  -0.312
  -1.231
  -0.683
   0.689
 -95.392
   0.832
   1.762
  -0.127
   1.261
  -0.861
   0.426
  -0.280
   0.305
   0.237
  -0.142
   2.612
  -0.349
  -0.362
   1.073
   0.484
  17.508
   1.656
  -9.276
  -2.720
  -0.710
  -0.567
  -2.316
  -0.580
  -0.601
  11.262
  -5.923
  -1.611
  -2.528
   0.898
   0.107
  -5.594
  16.577
  -3.585
   1.150
   2.204
   7.592
   1.022
  -0.894
  -0.617
  -0.335
   0.797
   0.644
   0.406
 -34.423
   1.132
  -0.419
  11.167
  -1.151
   1.782
  -0.758
  -2.802
   0.094
   2.262
  -1.351
   4.421
  -4.614
  -0.538
   1.358
   0.021
   2.048
  -0.662
  -0.602
   0.230
 101.651
  -1.292
   1.287
  -2.164
   0.894
  -0.918
  -1.636
   0.755
  -2.529
   1.361
   0.068
   0.017
  -1.648
   0.738
  -0.592
  -1.161
  -2.291
   0.007
  -0.594
  -0.953
  -0.048
  -2.528
   0.425
   0.568
  -1.689
  -0.340
  -1.586
   1.050
   5.833
   2.148
   0.885
  -0.864
  -0.176
   1.670
  -1.697
   0.289
   4.676
  -0.577
  -0.011
  -2.801
  -0.490
  -0.628
  -0.072
   0.541
   0.841
  -3.957
 -25.025
   0.040
   4.110
   0.069
  28.094
  -0.156
  -4.962
  12.059
  -0.288
   1.873
  -0.535
  -1.083
 -16.180
   1.546
   0.769
  -1.235
  -0.724
 -24.722
  -0.003
   0.506
  -2.053
   2.962
 -12.093
   0.331
   0.790
   0.377
   1.984
   0.938
  -0.875
   0.532
   0.033
  -0.183
  51.993
   3.718
  -4.919
  -0.587
  -3.673
  -0.118
   0.294
   1.481
  -0.718
  -0.830
  -1.644
  -0.273
  -0.468
   0.170
   2.927
  -0.481
  -0.355
   1.019
   3.430
   2.292
   1.027
 -11.877
  -0.110
   0.270
   1.799
   2.294
 -15.562
   0.150
  -0.931
   0.481
  -0.845
   0.453
  -4.474
   0.476
  -5.125
   1.425
   2.055
  -1.134
   6.023
  -0.502
   0.824
  -0.345
  -1.542
   0.274
   1.240
  -0.466
  -0.933
   1.581
  23.489
  -9.122
   0.568
  -0.095
  -0.578
  -0.273
  -0.112
   0.488
  -2.662
  -1.091
 -80.410
  -0.072
 587.196
  -3.264
   0.227
   1.171
   2.656
  -5.132
  -0.311
  -9.173
   0.012
  -3.621
  -1.282
   0.157
  -1.571
  -0.623
  -1.317
  -1.000
   5.812
   0.014
  -0.434
  -0.034
  -0.190
   1.400
   0.121
   2.822
  -0.785
   1.666
   0.580
   0.338
  -0.307
  -7.552
   0.306
  -7.082
  -0.053
  13.174
  -0.284
  -0.449
  -0.578
   1.942
  -2.523
  -9.096
   0.171
  -0.778
 -17.601
  -0.774
  -0.327
   2.651
  -0.867
  -0.722
  -0.467
 -39.143
  -1.491
  -2.713
   2.371
   0.266
  -0.188
  -0.504
  -2.762
   0.290
   0.566
   0.563
  -1.143
  -0.256
  -2.611
  -0.143
   0.832
 -30.248
  -0.119
   0.568
  -1.142
   1.437
  -1.160
   1.174
  -0.123
   1.048
   0.263
   2.481
  -2.023
   0.850
   0.253
   1.936
   8.609
  -0.077
  -8.253
   3.672
   1.063
   0.704
  -0.809
   0.388
   0.519
   0.781
  -1.198
   1.746
   0.067
  -0.018
   0.976
  -1.042
  -0.984
  14.320
   0.392
   0.000
   0.955
   0.145
  11.864
  -5.077
  -0.093
   0.598
  -9.557
  -2.785
  -4.122
 -19.031
   0.479
   0.290
  -1.771
  -0.308
  25.915
   1.935
   0.715
   1.472
  -0.798
  -7.072
   1.291
   0.256
   0.263
   1.928
   1.098
   0.293
  -0.913
   0.403
   0.304
   1.396
  -0.700
  -4.745
  -2.336
  12.282
  -0.532
  -0.752
  -0.655
  -3.220
  -0.361
   0.191
   0.465
 -27.836
  -4.546
   1.690
   2.928
   4.230
  -1.949
   3.071
   0.135
   2.018
  -0.554
  -6.856
   0.656
   5.361
   4.472
   1.060
  -0.587
   1.020
   1.949
   1.928
  -0.043
  -2.713
  -0.312
   0.689
   0.632
  -0.685
   0.289
  -1.370
   0.152
   8.033
  -0.621
  -5.766
  -0.094
 -41.815
   0.570
  -0.958
   0.598
   0.285
  -1.579
  -7.408
   1.015
  -0.304
   1.084
   0.515
  -1.858
   0.283
  -0.194
   0.418
   0.750
   0.317
  -0.672
   2.004
  -0.227
   4.596
  -1.393
   3.641
  -0.959
  -1.213
   0.962
  -3.840
  -2.166
   0.884
   5.624
   0.137
   5.529
  -2.562
   1.314
   1.136
 -64.628
  -6.300
 -32.974
  -1.119
   1.150
  -0.484
  -0.534
  -0.890
   0.700
  -0.595
   9.264
   0.102
  -0.944
 -11.756
   2.683
   0.796
  -1.101
   1.472
 -16.787
  -4.718
 -22.243
  -1.103
  -1.003
  -0.962
  -0.831
  -1.767
   1.292
  -1.532
  -0.020
  -1.361
  -4.597
   0.426
   0.591
  -0.119
  14.527
   0.088
  -1.383
   1.023
   1.077
   0.033
   0.092
   0.937
   0.194
   1.001
  -0.047
  -0.572
   7.250
   1.548
  -0.066
  -1.046
  -3.218
  -2.422
  -0.879
   1.188
  -0.068
  -2.660
  -0.895
  -8.396
   2.490
   0.160
  -0.505
  -8.289
   0.289
   0.321
   0.198
   0.155
   5.642
  -3.289
  -0.530
  -2.537
   2.105
  -1.682
  -0.016
   1.843
  -0.370
   2.507
  -0.285
  -0.974
   1.245
  23.785
  80.078
   0.802
  -0.157
   0.882
  -1.165
  -2.692
  -1.034
   0.254
   1.925
  -5.977
  -0.902
  -1.500
   2.686
   1.583
   1.825
  -0.285
  -0.319
  15.720
   1.712
  -0.275
  -4.879
  -9.070
   2.490
   3.251
  -1.157
  -0.659
   0.310
   0.358
   0.246
  -3.057
   2.539
 -25.219
   3.510
  -0.261
  15.824
  -1.160
 -18.284
   0.505
   6.992
   0.110
   0.493
   3.324
  -0.722
  -0.291
  -0.531
   2.605
  -6.005
   3.322
   0.599
   0.927
  -3.119
   0.270
   0.869
   0.382
  -0.402
   0.473
   0.487
  18.244
   1.411
  -3.257
   3.894
  -0.088
   4.632
   0.025
  -0.548
  -0.340
   0.304
  -1.293
 -35.631
  -3.296
   1.499
   0.756
  -2.440
  -0.688
   0.559
  -1.092
   0.294
   2.570
  -3.183
   9.042
   0.785
   3.008
  -0.141
   0.264
   0.769
  -4.451
   2.484
  -0.317
   5.229
   0.013
   0.814
  -0.279
   0.323
   0.072
   0.931
  -2.767
  -0.393
  -1.243
   3.545
   0.605
   0.979
   0.526
   0.235
   1.116
 -14.711
  -1.150
   3.774
   0.211
  -1.314
   3.735
   0.424
  -1.628
  -0.297
   1.185
   1.365
-4892.633
   0.521
  -4.472
   0.353
  -3.310
  -2.198
   0.564
  -0.665
  -0.529
  -0.156
  -2.256
  -0.189
  26.411
  -0.183
  -1.731
   3.460
  -0.338
   0.707
  -0.545
   0.138
   0.415
  -0.034
   0.480
  -0.258
   4.831
 -12.914
   1.178
  -3.541
  -3.360
  -0.848
  -1.116
  -0.211
   0.435
   0.528
   3.677
  -2.485
   0.349
  -2.240
  -0.883
   0.467
   1.220
   3.249
  -0.565
   9.112
  -2.060
  -0.133
  -0.668
  66.838
  -0.093
  -0.620
   2.342
  -2.910
   0.763
  -1.206
   1.685
   0.755
  -0.646
   0.385
   1.349
  -1.984
  -0.117
   1.734
  -2.109
 151.794
  -5.375
   1.069
   2.040
   0.252
   0.139
   0.860
   0.123
-108.771
   2.174
  -0.212
  -2.709
   2.827
   5.471
  -5.674
  -1.868
  -2.439
   4.401
  -0.725
  10.418
   2.264
   0.112
  -2.729
   1.238
   2.364
   7.115
  -6.166
  -0.551
  -1.126
   0.155
  -0.401
   2.186
  -2.717
  -0.604
   3.309
  -0.081
  -4.313
  -0.407
   0.079
   0.557
  -1.450
  -5.553
  -5.384
  -0.347
   0.222
  -1.091
   1.504
   0.454
  -0.771
   3.278
   5.539
  -3.895
  -0.399
   3.850
  -0.542
 -45.746
  -1.403
   1.628
   0.474
  -4.773
 -15.995
  -0.045
   0.478
   0.153
  -0.082
  -1.192
   2.094
  -1.690
   2.755
  -0.620
  -0.553
   0.311
   0.539
  -3.573
  -0.516
  -2.400
   0.208
   0.951
   0.008
  -0.368
  -0.550
  -3.920
  -0.018
  -3.005
   0.310
  -0.347
   0.451
   0.851
  -0.588
   0.671
  -1.638
  -0.180
  -0.900
   1.675
  -1.501
  -2.619
  -4.816
   4.705
   1.876
  -2.354
   0.331
  -0.477
  -0.630
  -3.805
   0.266
   1.204
  -0.524
  -2.410
  -1.338
   2.498
   0.060
  -0.376
  -0.359
  -0.924
  -0.350
   0.223
  -0.150
  -1.097
   1.069
   3.191
  -1.112
 -57.260
  -2.007
   0.098
  -0.094
  -6.196
  -2.822
   0.246
  -0.717
  -0.910
  -1.723
   0.567
   2.342
   3.306
  -1.628
  -1.006
   2.326
   1.955
   0.013
   1.550
   1.658
  -3.524
